      0.00000000e+00       1.00000000e+00       1.00000000e+00       1.00000000e+00       1.00000000e+00       1.00000000e+00       1.00000000e+00       1.00000000e+00       1.00000000e+00       1.00000000e+00       1.00000000e+00       1.00000000e+00       1.00000000e+00
      1.00000000e-03       1.00000000e+00       1.00000000e+00       1.00000000e+00       1.00000028e+00       9.99999725e-01       1.00000000e+00       1.00000000e+00       9.99999725e-01       1.00000028e+00       1.00000000e+00       1.00000000e+00       1.00000000e+00
      2.00000000e-03       1.00000542e+00       1.00000536e+00       1.00000545e+00       1.00000646e+00       9.99998703e-01       1.00000000e+00       1.00000000e+00       9.99998703e-01       1.00000646e+00       1.00000545e+00       1.00000536e+00       1.00000542e+00
      3.00000000e-03       1.00000542e+00       1.00000536e+00       1.00000545e+00       1.00000759e+00       9.99996913e-01       1.00000000e+00       1.00000000e+00       9.99996913e-01       1.00000759e+00       1.00000545e+00       1.00000536e+00       1.00000542e+00
      4.00000000e-03       1.00000542e+00       1.00000536e+00       1.00000545e+00       1.00000931e+00       9.99994567e-01       1.00000000e+00       1.00000000e+00       9.99994567e-01       1.00000931e+00       1.00000545e+00       1.00000536e+00       1.00000542e+00
      5.00000000e-03       1.00000542e+00       1.00000536e+00       1.00000545e+00       1.00001163e+00       9.99991667e-01       1.00000000e+00       1.00000000e+00       9.99991667e-01       1.00001163e+00       1.00000545e+00       1.00000536e+00       1.00000542e+00
      6.00000000e-03       1.00000542e+00       1.00000536e+00       1.00000545e+00       1.00001454e+00       9.99988212e-01       1.00000000e+00       1.00000000e+00       9.99988212e-01       1.00001454e+00       1.00000545e+00       1.00000536e+00       1.00000542e+00
      7.00000000e-03       1.00000542e+00       1.00000536e+00       1.00000545e+00       1.00001804e+00       9.99984203e-01       1.00000000e+00       1.00000000e+00       9.99984203e-01       1.00001804e+00       1.00000545e+00       1.00000536e+00       1.00000542e+00
      8.00000000e-03       1.00000542e+00       1.00000536e+00       1.00000545e+00       1.00002214e+00       9.99979638e-01       1.00000000e+00       1.00000000e+00       9.99979638e-01       1.00002214e+00       1.00000545e+00       1.00000536e+00       1.00000542e+00
      9.00000000e-03       1.00000542e+00       1.00000536e+00       1.00000545e+00       1.00002684e+00       9.99974518e-01       1.00000000e+00       1.00000000e+00       9.99974518e-01       1.00002684e+00       1.00000545e+00       1.00000536e+00       1.00000542e+00
      1.00000000e-02       1.00000542e+00       1.00000536e+00       1.00000545e+00       1.00003213e+00       9.99968844e-01       1.00000000e+00       1.00000000e+00       9.99968844e-01       1.00003213e+00       1.00000545e+00       1.00000536e+00       1.00000542e+00
      1.10000000e-02       1.00000542e+00       1.00000536e+00       1.00000545e+00       1.00003802e+00       9.99962614e-01       1.00000000e+00       1.00000000e+00       9.99962614e-01       1.00003802e+00       1.00000545e+00       1.00000536e+00       1.00000542e+00
      1.20000000e-02       1.00000542e+00       1.00000536e+00       1.00000545e+00       1.00004450e+00       9.99955828e-01       1.00000000e+00       1.00000000e+00       9.99955828e-01       1.00004450e+00       1.00000545e+00       1.00000536e+00       1.00000542e+00
      1.30000000e-02       1.00000542e+00       1.00000536e+00       1.00000545e+00       1.00005158e+00       9.99948488e-01       1.00000000e+00       1.00000000e+00       9.99948488e-01       1.00005158e+00       1.00000545e+00       1.00000536e+00       1.00000542e+00
      1.40000000e-02       1.00000542e+00       1.00000536e+00       1.00000545e+00       1.00005925e+00       9.99940591e-01       1.00000000e+00       1.00000000e+00       9.99940591e-01       1.00005925e+00       1.00000545e+00       1.00000536e+00       1.00000542e+00
      1.50000000e-02       1.00000542e+00       1.00000536e+00       1.00000545e+00       1.00006752e+00       9.99932140e-01       1.00000000e+00       1.00000000e+00       9.99932140e-01       1.00006752e+00       1.00000545e+00       1.00000536e+00       1.00000542e+00
      1.60000000e-02       1.00000542e+00       1.00000536e+00       1.00000545e+00       1.00007638e+00       9.99923133e-01       1.00000000e+00       1.00000000e+00       9.99923133e-01       1.00007638e+00       1.00000545e+00       1.00000536e+00       1.00000542e+00
      1.70000000e-02       1.00000542e+00       1.00000536e+00       1.00000545e+00       1.00008584e+00       9.99913570e-01       1.00000000e+00       1.00000000e+00       9.99913570e-01       1.00008584e+00       1.00000545e+00       1.00000536e+00       1.00000542e+00
      1.80000000e-02       1.00000542e+00       1.00000536e+00       1.00000545e+00       1.00009590e+00       9.99903452e-01       1.00000000e+00       1.00000000e+00       9.99903452e-01       1.00009590e+00       1.00000545e+00       1.00000536e+00       1.00000542e+00
      1.90000000e-02       1.00000542e+00       1.00000536e+00       1.00000545e+00       1.00010656e+00       9.99892779e-01       1.00000000e+00       1.00000000e+00       9.99892779e-01       1.00010656e+00       1.00000545e+00       1.00000536e+00       1.00000542e+00
      2.00000000e-02       1.00000542e+00       1.00000536e+00       1.00000545e+00       1.00011782e+00       9.99881550e-01       1.00000000e+00       1.00000000e+00       9.99881550e-01       1.00011782e+00       1.00000545e+00       1.00000536e+00       1.00000542e+00
      2.10000000e-02       1.00000542e+00       1.00000536e+00       1.00000545e+00       1.00012967e+00       9.99869766e-01       1.00000000e+00       1.00000000e+00       9.99869766e-01       1.00012967e+00       1.00000545e+00       1.00000536e+00       1.00000542e+00
      2.20000000e-02       1.00000542e+00       1.00000536e+00       1.00000546e+00       1.00014212e+00       9.99857426e-01       9.99999998e-01       9.99999998e-01       9.99857426e-01       1.00014212e+00       1.00000546e+00       1.00000536e+00       1.00000542e+00
      2.30000000e-02       1.00000542e+00       1.00000536e+00       1.00000546e+00       1.00015517e+00       9.99844531e-01       9.99999996e-01       9.99999996e-01       9.99844531e-01       1.00015517e+00       1.00000546e+00       1.00000536e+00       1.00000542e+00
      2.40000000e-02       1.00000542e+00       1.00000536e+00       1.00000546e+00       1.00016883e+00       9.99831081e-01       9.99999994e-01       9.99999994e-01       9.99831081e-01       1.00016883e+00       1.00000546e+00       1.00000536e+00       1.00000542e+00
      2.50000000e-02       1.00000542e+00       1.00000536e+00       1.00000547e+00       1.00018308e+00       9.99817076e-01       9.99999991e-01       9.99999991e-01       9.99817076e-01       1.00018308e+00       1.00000547e+00       1.00000536e+00       1.00000542e+00
      2.60000000e-02       1.00000542e+00       1.00000536e+00       1.00000547e+00       1.00019794e+00       9.99802515e-01       9.99999988e-01       9.99999988e-01       9.99802515e-01       1.00019794e+00       1.00000547e+00       1.00000536e+00       1.00000542e+00
      2.70000000e-02       1.00000542e+00       1.00000536e+00       1.00000548e+00       1.00021340e+00       9.99787400e-01       9.99999984e-01       9.99999984e-01       9.99787400e-01       1.00021340e+00       1.00000548e+00       1.00000536e+00       1.00000542e+00
      2.80000000e-02       1.00000542e+00       1.00000536e+00       1.00000548e+00       1.00022946e+00       9.99771730e-01       9.99999980e-01       9.99999980e-01       9.99771730e-01       1.00022946e+00       1.00000548e+00       1.00000536e+00       1.00000542e+00
      2.90000000e-02       1.00000542e+00       1.00000537e+00       1.00000549e+00       1.00024612e+00       9.99755506e-01       9.99999975e-01       9.99999975e-01       9.99755506e-01       1.00024612e+00       1.00000549e+00       1.00000537e+00       1.00000542e+00
      3.00000000e-02       1.00000542e+00       1.00000537e+00       1.00000550e+00       1.00026339e+00       9.99738727e-01       9.99999969e-01       9.99999969e-01       9.99738727e-01       1.00026339e+00       1.00000550e+00       1.00000537e+00       1.00000542e+00
      3.10000000e-02       1.00000542e+00       1.00000537e+00       1.00000551e+00       1.00028127e+00       9.99721394e-01       9.99999962e-01       9.99999962e-01       9.99721394e-01       1.00028127e+00       1.00000551e+00       1.00000537e+00       1.00000542e+00
      3.20000000e-02       1.00000542e+00       1.00000537e+00       1.00000551e+00       1.00029975e+00       9.99703507e-01       9.99999955e-01       9.99999955e-01       9.99703507e-01       1.00029975e+00       1.00000551e+00       1.00000537e+00       1.00000542e+00
      3.30000000e-02       1.00000542e+00       1.00000537e+00       1.00000552e+00       1.00031884e+00       9.99685066e-01       9.99999947e-01       9.99999947e-01       9.99685066e-01       1.00031884e+00       1.00000552e+00       1.00000537e+00       1.00000542e+00
      3.40000000e-02       1.00000542e+00       1.00000537e+00       1.00000554e+00       1.00033854e+00       9.99666072e-01       9.99999938e-01       9.99999938e-01       9.99666072e-01       1.00033854e+00       1.00000554e+00       1.00000537e+00       1.00000542e+00
      3.50000000e-02       1.00000542e+00       1.00000537e+00       1.00000555e+00       1.00035885e+00       9.99646524e-01       9.99999927e-01       9.99999927e-01       9.99646524e-01       1.00035885e+00       1.00000555e+00       1.00000537e+00       1.00000542e+00
      3.60000000e-02       1.00000542e+00       1.00000537e+00       1.00000556e+00       1.00037977e+00       9.99626424e-01       9.99999916e-01       9.99999916e-01       9.99626424e-01       1.00037977e+00       1.00000556e+00       1.00000537e+00       1.00000542e+00
      3.70000000e-02       1.00000542e+00       1.00000537e+00       1.00000558e+00       1.00040130e+00       9.99605771e-01       9.99999904e-01       9.99999904e-01       9.99605771e-01       1.00040130e+00       1.00000558e+00       1.00000537e+00       1.00000542e+00
      3.80000000e-02       1.00000542e+00       1.00000537e+00       1.00000559e+00       1.00042344e+00       9.99584565e-01       9.99999890e-01       9.99999890e-01       9.99584565e-01       1.00042344e+00       1.00000559e+00       1.00000537e+00       1.00000542e+00
      3.90000000e-02       1.00000542e+00       1.00000538e+00       1.00000561e+00       1.00044620e+00       9.99562807e-01       9.99999875e-01       9.99999875e-01       9.99562807e-01       1.00044620e+00       1.00000561e+00       1.00000538e+00       1.00000542e+00
      4.00000000e-02       1.00000542e+00       1.00000538e+00       1.00000563e+00       1.00046956e+00       9.99540497e-01       9.99999859e-01       9.99999859e-01       9.99540497e-01       1.00046956e+00       1.00000563e+00       1.00000538e+00       1.00000542e+00
      4.10000000e-02       1.00000542e+00       1.00000538e+00       1.00000565e+00       1.00049355e+00       9.99517636e-01       9.99999842e-01       9.99999842e-01       9.99517636e-01       1.00049355e+00       1.00000565e+00       1.00000538e+00       1.00000542e+00
      4.20000000e-02       1.00000542e+00       1.00000538e+00       1.00000567e+00       1.00051814e+00       9.99494223e-01       9.99999823e-01       9.99999823e-01       9.99494223e-01       1.00051814e+00       1.00000567e+00       1.00000538e+00       1.00000542e+00
      4.30000000e-02       1.00000542e+00       1.00000538e+00       1.00000570e+00       1.00054336e+00       9.99470260e-01       9.99999802e-01       9.99999802e-01       9.99470260e-01       1.00054336e+00       1.00000570e+00       1.00000538e+00       1.00000542e+00
      4.40000000e-02       1.00000542e+00       1.00000538e+00       1.00000572e+00       1.00056918e+00       9.99445746e-01       9.99999780e-01       9.99999780e-01       9.99445746e-01       1.00056918e+00       1.00000572e+00       1.00000538e+00       1.00000542e+00
      4.50000000e-02       1.00000542e+00       1.00000539e+00       1.00000575e+00       1.00059563e+00       9.99420683e-01       9.99999756e-01       9.99999756e-01       9.99420683e-01       1.00059563e+00       1.00000575e+00       1.00000539e+00       1.00000542e+00
      4.60000000e-02       1.00000542e+00       1.00000539e+00       1.00000578e+00       1.00062269e+00       9.99395069e-01       9.99999730e-01       9.99999730e-01       9.99395069e-01       1.00062269e+00       1.00000578e+00       1.00000539e+00       1.00000542e+00
      4.70000000e-02       1.00000542e+00       1.00000539e+00       1.00000582e+00       1.00065037e+00       9.99368906e-01       9.99999702e-01       9.99999702e-01       9.99368906e-01       1.00065037e+00       1.00000581e+00       1.00000539e+00       1.00000542e+00
      4.80000000e-02       1.00000542e+00       1.00000539e+00       1.00000585e+00       1.00067867e+00       9.99342194e-01       9.99999672e-01       9.99999672e-01       9.99342194e-01       1.00067867e+00       1.00000585e+00       1.00000539e+00       1.00000542e+00
      4.90000000e-02       1.00000542e+00       1.00000540e+00       1.00000589e+00       1.00070758e+00       9.99314934e-01       9.99999640e-01       9.99999640e-01       9.99314934e-01       1.00070758e+00       1.00000589e+00       1.00000540e+00       1.00000542e+00
      5.00000000e-02       1.00000542e+00       1.00000540e+00       1.00000592e+00       1.00073712e+00       9.99287125e-01       9.99999606e-01       9.99999606e-01       9.99287125e-01       1.00073712e+00       1.00000592e+00       1.00000540e+00       1.00000542e+00
      5.10000000e-02       1.00000542e+00       1.00000540e+00       1.00000597e+00       1.00076727e+00       9.99258768e-01       9.99999570e-01       9.99999570e-01       9.99258768e-01       1.00076727e+00       1.00000597e+00       1.00000540e+00       1.00000542e+00
      5.20000000e-02       1.00000542e+00       1.00000540e+00       1.00000601e+00       1.00079805e+00       9.99229864e-01       9.99999531e-01       9.99999531e-01       9.99229864e-01       1.00079805e+00       1.00000601e+00       1.00000540e+00       1.00000542e+00
      5.30000000e-02       1.00000542e+00       1.00000541e+00       1.00000606e+00       1.00082944e+00       9.99200413e-01       9.99999490e-01       9.99999490e-01       9.99200413e-01       1.00082944e+00       1.00000606e+00       1.00000541e+00       1.00000542e+00
      5.40000000e-02       1.00000542e+00       1.00000541e+00       1.00000611e+00       1.00086145e+00       9.99170415e-01       9.99999446e-01       9.99999446e-01       9.99170415e-01       1.00086145e+00       1.00000611e+00       1.00000541e+00       1.00000542e+00
      5.50000000e-02       1.00000542e+00       1.00000541e+00       1.00000616e+00       1.00089409e+00       9.99139872e-01       9.99999400e-01       9.99999400e-01       9.99139872e-01       1.00089409e+00       1.00000616e+00       1.00000541e+00       1.00000542e+00
      5.60000000e-02       1.00000542e+00       1.00000542e+00       1.00000621e+00       1.00092734e+00       9.99108782e-01       9.99999351e-01       9.99999351e-01       9.99108782e-01       1.00092734e+00       1.00000621e+00       1.00000542e+00       1.00000542e+00
      5.70000000e-02       1.00000542e+00       1.00000542e+00       1.00000627e+00       1.00096121e+00       9.99077147e-01       9.99999298e-01       9.99999298e-01       9.99077147e-01       1.00096121e+00       1.00000627e+00       1.00000542e+00       1.00000542e+00
      5.80000000e-02       1.00000542e+00       1.00000543e+00       1.00000634e+00       1.00099571e+00       9.99044967e-01       9.99999243e-01       9.99999243e-01       9.99044967e-01       1.00099571e+00       1.00000634e+00       1.00000543e+00       1.00000542e+00
      5.90000000e-02       1.00000542e+00       1.00000543e+00       1.00000640e+00       1.00103082e+00       9.99012242e-01       9.99999185e-01       9.99999185e-01       9.99012242e-01       1.00103082e+00       1.00000640e+00       1.00000543e+00       1.00000542e+00
      6.00000000e-02       1.00000542e+00       1.00000544e+00       1.00000647e+00       1.00106655e+00       9.98978973e-01       9.99999124e-01       9.99999124e-01       9.98978973e-01       1.00106655e+00       1.00000647e+00       1.00000544e+00       1.00000542e+00
      6.10000000e-02       1.00000542e+00       1.00000544e+00       1.00000654e+00       1.00110290e+00       9.98945161e-01       9.99999059e-01       9.99999059e-01       9.98945161e-01       1.00110290e+00       1.00000654e+00       1.00000544e+00       1.00000542e+00
      6.20000000e-02       1.00000542e+00       1.00000545e+00       1.00000662e+00       1.00113987e+00       9.98910805e-01       9.99998991e-01       9.99998991e-01       9.98910805e-01       1.00113987e+00       1.00000662e+00       1.00000545e+00       1.00000542e+00
      6.30000000e-02       1.00000542e+00       1.00000545e+00       1.00000670e+00       1.00117746e+00       9.98875906e-01       9.99998919e-01       9.99998919e-01       9.98875906e-01       1.00117746e+00       1.00000670e+00       1.00000545e+00       1.00000542e+00
      6.40000000e-02       1.00000542e+00       1.00000546e+00       1.00000678e+00       1.00121567e+00       9.98840465e-01       9.99998843e-01       9.99998843e-01       9.98840464e-01       1.00121567e+00       1.00000678e+00       1.00000546e+00       1.00000542e+00
      6.50000000e-02       1.00000542e+00       1.00000546e+00       1.00000687e+00       1.00125450e+00       9.98804481e-01       9.99998764e-01       9.99998764e-01       9.98804481e-01       1.00125450e+00       1.00000687e+00       1.00000546e+00       1.00000542e+00
      6.60000000e-02       1.00000542e+00       1.00000547e+00       1.00000696e+00       1.00129395e+00       9.98767956e-01       9.99998681e-01       9.99998681e-01       9.98767956e-01       1.00129395e+00       1.00000696e+00       1.00000547e+00       1.00000542e+00
      6.70000000e-02       1.00000542e+00       1.00000548e+00       1.00000706e+00       1.00133401e+00       9.98730890e-01       9.99998594e-01       9.99998594e-01       9.98730890e-01       1.00133401e+00       1.00000706e+00       1.00000548e+00       1.00000542e+00
      6.80000000e-02       1.00000542e+00       1.00000548e+00       1.00000716e+00       1.00137470e+00       9.98693282e-01       9.99998502e-01       9.99998502e-01       9.98693282e-01       1.00137470e+00       1.00000716e+00       1.00000548e+00       1.00000542e+00
      6.90000000e-02       1.00000542e+00       1.00000549e+00       1.00000726e+00       1.00141600e+00       9.98655135e-01       9.99998406e-01       9.99998406e-01       9.98655135e-01       1.00141600e+00       1.00000726e+00       1.00000549e+00       1.00000542e+00
      7.00000000e-02       1.00000542e+00       1.00000550e+00       1.00000737e+00       1.00145791e+00       9.98616447e-01       9.99998306e-01       9.99998306e-01       9.98616447e-01       1.00145791e+00       1.00000737e+00       1.00000550e+00       1.00000542e+00
      7.10000000e-02       1.00000542e+00       1.00000551e+00       1.00000749e+00       1.00150045e+00       9.98577219e-01       9.99998201e-01       9.99998201e-01       9.98577219e-01       1.00150045e+00       1.00000749e+00       1.00000551e+00       1.00000542e+00
      7.20000000e-02       1.00000542e+00       1.00000551e+00       1.00000761e+00       1.00154360e+00       9.98537452e-01       9.99998092e-01       9.99998092e-01       9.98537452e-01       1.00154360e+00       1.00000761e+00       1.00000551e+00       1.00000542e+00
      7.30000000e-02       1.00000542e+00       1.00000552e+00       1.00000773e+00       1.00158736e+00       9.98497147e-01       9.99997978e-01       9.99997978e-01       9.98497147e-01       1.00158736e+00       1.00000773e+00       1.00000552e+00       1.00000542e+00
      7.40000000e-02       1.00000542e+00       1.00000553e+00       1.00000786e+00       1.00163175e+00       9.98456303e-01       9.99997858e-01       9.99997858e-01       9.98456302e-01       1.00163174e+00       1.00000786e+00       1.00000553e+00       1.00000542e+00
      7.50000000e-02       1.00000542e+00       1.00000554e+00       1.00000800e+00       1.00167674e+00       9.98414920e-01       9.99997734e-01       9.99997734e-01       9.98414920e-01       1.00167674e+00       1.00000800e+00       1.00000554e+00       1.00000542e+00
      7.60000000e-02       1.00000542e+00       1.00000555e+00       1.00000814e+00       1.00172235e+00       9.98373000e-01       9.99997604e-01       9.99997604e-01       9.98373000e-01       1.00172235e+00       1.00000814e+00       1.00000555e+00       1.00000542e+00
      7.70000000e-02       1.00000542e+00       1.00000556e+00       1.00000829e+00       1.00176858e+00       9.98330542e-01       9.99997469e-01       9.99997469e-01       9.98330542e-01       1.00176858e+00       1.00000829e+00       1.00000556e+00       1.00000542e+00
      7.80000000e-02       1.00000542e+00       1.00000557e+00       1.00000844e+00       1.00181542e+00       9.98287547e-01       9.99997328e-01       9.99997328e-01       9.98287547e-01       1.00181542e+00       1.00000844e+00       1.00000557e+00       1.00000542e+00
      7.90000000e-02       1.00000542e+00       1.00000558e+00       1.00000860e+00       1.00186287e+00       9.98244016e-01       9.99997181e-01       9.99997181e-01       9.98244016e-01       1.00186287e+00       1.00000860e+00       1.00000558e+00       1.00000542e+00
      8.00000000e-02       1.00000542e+00       1.00000559e+00       1.00000876e+00       1.00191094e+00       9.98199948e-01       9.99997029e-01       9.99997029e-01       9.98199948e-01       1.00191094e+00       1.00000876e+00       1.00000559e+00       1.00000542e+00
      8.10000000e-02       1.00000542e+00       1.00000560e+00       1.00000894e+00       1.00195963e+00       9.98155343e-01       9.99996870e-01       9.99996870e-01       9.98155343e-01       1.00195963e+00       1.00000894e+00       1.00000560e+00       1.00000542e+00
      8.20000000e-02       1.00000542e+00       1.00000561e+00       1.00000911e+00       1.00200892e+00       9.98110203e-01       9.99996706e-01       9.99996706e-01       9.98110203e-01       1.00200892e+00       1.00000911e+00       1.00000561e+00       1.00000542e+00
      8.30000000e-02       1.00000542e+00       1.00000563e+00       1.00000930e+00       1.00205883e+00       9.98064527e-01       9.99996535e-01       9.99996535e-01       9.98064527e-01       1.00205883e+00       1.00000930e+00       1.00000563e+00       1.00000542e+00
      8.40000000e-02       1.00000542e+00       1.00000564e+00       1.00000949e+00       1.00210936e+00       9.98018316e-01       9.99996357e-01       9.99996357e-01       9.98018316e-01       1.00210936e+00       1.00000949e+00       1.00000564e+00       1.00000542e+00
      8.50000000e-02       1.00000542e+00       1.00000565e+00       1.00000969e+00       1.00216051e+00       9.97971570e-01       9.99996173e-01       9.99996173e-01       9.97971570e-01       1.00216051e+00       1.00000969e+00       1.00000565e+00       1.00000542e+00
      8.60000000e-02       1.00000542e+00       1.00000567e+00       1.00000989e+00       1.00221227e+00       9.97924288e-01       9.99995982e-01       9.99995982e-01       9.97924288e-01       1.00221227e+00       1.00000989e+00       1.00000567e+00       1.00000542e+00
      8.70000000e-02       1.00000542e+00       1.00000568e+00       1.00001011e+00       1.00226465e+00       9.97876472e-01       9.99995784e-01       9.99995784e-01       9.97876472e-01       1.00226465e+00       1.00001011e+00       1.00000568e+00       1.00000542e+00
      8.80000000e-02       1.00000542e+00       1.00000569e+00       1.00001033e+00       1.00231766e+00       9.97828120e-01       9.99995579e-01       9.99995579e-01       9.97828120e-01       1.00231766e+00       1.00001033e+00       1.00000569e+00       1.00000542e+00
      8.90000000e-02       1.00000542e+00       1.00000571e+00       1.00001055e+00       1.00237130e+00       9.97779233e-01       9.99995367e-01       9.99995367e-01       9.97779233e-01       1.00237130e+00       1.00001055e+00       1.00000571e+00       1.00000542e+00
      9.00000000e-02       1.00000542e+00       1.00000572e+00       1.00001079e+00       1.00242557e+00       9.97729811e-01       9.99995147e-01       9.99995147e-01       9.97729811e-01       1.00242557e+00       1.00001079e+00       1.00000572e+00       1.00000542e+00
      9.10000000e-02       1.00000542e+00       1.00000574e+00       1.00001103e+00       1.00248051e+00       9.97679850e-01       9.99994919e-01       9.99994919e-01       9.97679850e-01       1.00248051e+00       1.00001103e+00       1.00000574e+00       1.00000542e+00
      9.20000000e-02       1.00000549e+00       1.00000583e+00       1.00001135e+00       1.00253594e+00       9.97629418e-01       9.99994684e-01       9.99994684e-01       9.97629415e-01       1.00253592e+00       1.00001135e+00       1.00000583e+00       1.00000550e+00
      9.30000000e-02       1.00000549e+00       1.00000584e+00       1.00001161e+00       1.00259165e+00       9.97578506e-01       9.99994441e-01       9.99994441e-01       9.97578510e-01       1.00259159e+00       1.00001161e+00       1.00000585e+00       1.00000550e+00
      9.40000000e-02       1.00000549e+00       1.00000586e+00       1.00001188e+00       1.00264796e+00       9.97527055e-01       9.99994189e-01       9.99994189e-01       9.97527066e-01       1.00264784e+00       1.00001188e+00       1.00000586e+00       1.00000550e+00
      9.50000000e-02       1.00000549e+00       1.00000588e+00       1.00001215e+00       1.00270486e+00       9.97475063e-01       9.99993929e-01       9.99993929e-01       9.97475081e-01       1.00270469e+00       1.00001216e+00       1.00000588e+00       1.00000550e+00
      9.60000000e-02       1.00000549e+00       1.00000590e+00       1.00001244e+00       1.00276236e+00       9.97422527e-01       9.99993660e-01       9.99993660e-01       9.97422551e-01       1.00276215e+00       1.00001244e+00       1.00000590e+00       1.00000550e+00
      9.70000000e-02       1.00000549e+00       1.00000592e+00       1.00001273e+00       1.00282049e+00       9.97369443e-01       9.99993383e-01       9.99993383e-01       9.97369473e-01       1.00282022e+00       1.00001274e+00       1.00000592e+00       1.00000550e+00
      9.80000000e-02       1.00000551e+00       1.00000595e+00       1.00001305e+00       1.00287946e+00       9.97315764e-01       9.99993096e-01       9.99993096e-01       9.97315799e-01       1.00287918e+00       1.00001307e+00       1.00000597e+00       1.00000553e+00
      9.90000000e-02       1.00000551e+00       1.00000597e+00       1.00001336e+00       1.00293911e+00       9.97261527e-01       9.99992801e-01       9.99992801e-01       9.97261556e-01       1.00293886e+00       1.00001338e+00       1.00000600e+00       1.00000553e+00
      1.00000000e-01       1.00000571e+00       1.00000620e+00       1.00001389e+00       1.00299869e+00       9.97206868e-01       9.99992496e-01       9.99992496e-01       9.97206890e-01       1.00299871e+00       1.00001369e+00       1.00000600e+00       1.00000551e+00
      1.01000000e-01       1.00000572e+00       1.00000623e+00       1.00001422e+00       1.00305796e+00       9.97151717e-01       9.99992182e-01       9.99992182e-01       9.97151788e-01       1.00305905e+00       1.00001405e+00       1.00000606e+00       1.00000555e+00
      1.02000000e-01       1.00000572e+00       1.00000625e+00       1.00001456e+00       1.00311772e+00       9.97096014e-01       9.99991858e-01       9.99991858e-01       9.97096165e-01       1.00311992e+00       1.00001439e+00       1.00000608e+00       1.00000555e+00
      1.03000000e-01       1.00000572e+00       1.00000628e+00       1.00001492e+00       1.00317795e+00       9.97039814e-01       9.99991524e-01       9.99991524e-01       9.97040007e-01       1.00318118e+00       1.00001476e+00       1.00000613e+00       1.00000557e+00
      1.04000000e-01       1.00000572e+00       1.00000630e+00       1.00001528e+00       1.00323836e+00       9.96983574e-01       9.99991180e-01       9.99991180e-01       9.96983117e-01       1.00324089e+00       1.00001512e+00       1.00000615e+00       1.00000557e+00
      1.05000000e-01       1.00000572e+00       1.00000633e+00       1.00001565e+00       1.00329914e+00       9.96926672e-01       9.99990825e-01       9.99990825e-01       9.96925601e-01       1.00330084e+00       1.00001549e+00       1.00000618e+00       1.00000557e+00
      1.06000000e-01       1.00000572e+00       1.00000635e+00       1.00001603e+00       1.00336028e+00       9.96869113e-01       9.99990460e-01       9.99990459e-01       9.96867465e-01       1.00336103e+00       1.00001587e+00       1.00000620e+00       1.00000557e+00
      1.07000000e-01       1.00000572e+00       1.00000638e+00       1.00001642e+00       1.00342178e+00       9.96810895e-01       9.99990083e-01       9.99990082e-01       9.96808721e-01       1.00342144e+00       1.00001627e+00       1.00000623e+00       1.00000557e+00
      1.08000000e-01       1.00000572e+00       1.00000641e+00       1.00001682e+00       1.00348363e+00       9.96751991e-01       9.99989696e-01       9.99989693e-01       9.96749427e-01       1.00348199e+00       1.00001668e+00       1.00000625e+00       1.00000557e+00
      1.09000000e-01       1.00000572e+00       1.00000643e+00       1.00001722e+00       1.00354584e+00       9.96692426e-01       9.99989297e-01       9.99989293e-01       9.96689567e-01       1.00354270e+00       1.00001710e+00       1.00000628e+00       1.00000557e+00
      1.10000000e-01       1.00000572e+00       1.00000646e+00       1.00001764e+00       1.00360842e+00       9.96632218e-01       9.99988887e-01       9.99988881e-01       9.96629125e-01       1.00360357e+00       1.00001753e+00       1.00000631e+00       1.00000557e+00
      1.11000000e-01       1.00000572e+00       1.00000649e+00       1.00001806e+00       1.00367136e+00       9.96571386e-01       9.99988464e-01       9.99988457e-01       9.96568086e-01       1.00366459e+00       1.00001798e+00       1.00000634e+00       1.00000557e+00
      1.12000000e-01       1.00000572e+00       1.00000652e+00       1.00001850e+00       1.00373467e+00       9.96509947e-01       9.99988030e-01       9.99988021e-01       9.96506433e-01       1.00372574e+00       1.00001845e+00       1.00000637e+00       1.00000558e+00
      1.13000000e-01       1.00000572e+00       1.00000655e+00       1.00001894e+00       1.00379835e+00       9.96447922e-01       9.99987584e-01       9.99987573e-01       9.96444140e-01       1.00378698e+00       1.00001892e+00       1.00000640e+00       1.00000558e+00
      1.14000000e-01       1.00000572e+00       1.00000658e+00       1.00001938e+00       1.00386242e+00       9.96385369e-01       9.99987125e-01       9.99987111e-01       9.96381154e-01       1.00384823e+00       1.00001942e+00       1.00000643e+00       1.00000557e+00
      1.15000000e-01       1.00000573e+00       1.00000661e+00       1.00001984e+00       1.00392703e+00       9.96322479e-01       9.99986653e-01       9.99986637e-01       9.96317440e-01       1.00390975e+00       1.00001993e+00       1.00000647e+00       1.00000558e+00
      1.16000000e-01       1.00000573e+00       1.00000665e+00       1.00002030e+00       1.00399243e+00       9.96259374e-01       9.99986169e-01       9.99986149e-01       9.96253128e-01       1.00397187e+00       1.00002046e+00       1.00000650e+00       1.00000558e+00
      1.17000000e-01       1.00000573e+00       1.00000668e+00       1.00002076e+00       1.00405799e+00       9.96195395e-01       9.99985672e-01       9.99985648e-01       9.96188002e-01       1.00403397e+00       1.00002100e+00       1.00000653e+00       1.00000558e+00
      1.18000000e-01       1.00000573e+00       1.00000672e+00       1.00002123e+00       1.00412413e+00       9.96131073e-01       9.99985162e-01       9.99985133e-01       9.96122300e-01       1.00409709e+00       1.00002156e+00       1.00000657e+00       1.00000558e+00
      1.19000000e-01       1.00000573e+00       1.00000675e+00       1.00002171e+00       1.00419087e+00       9.96066440e-01       9.99984640e-01       9.99984603e-01       9.96056012e-01       1.00416125e+00       1.00002214e+00       1.00000660e+00       1.00000558e+00
      1.20000000e-01       1.00000573e+00       1.00000679e+00       1.00002220e+00       1.00425813e+00       9.96001519e-01       9.99984104e-01       9.99984058e-01       9.95989130e-01       1.00422650e+00       1.00002273e+00       1.00000664e+00       1.00000558e+00
      1.21000000e-01       1.00000573e+00       1.00000682e+00       1.00002269e+00       1.00432564e+00       9.95936332e-01       9.99983556e-01       9.99983498e-01       9.95921628e-01       1.00429290e+00       1.00002335e+00       1.00000667e+00       1.00000558e+00
      1.22000000e-01       1.00000576e+00       1.00000689e+00       1.00002321e+00       1.00439332e+00       9.95870831e-01       9.99982994e-01       9.99982923e-01       9.95853504e-01       1.00436033e+00       1.00002400e+00       1.00000673e+00       1.00000560e+00
      1.23000000e-01       1.00000576e+00       1.00000693e+00       1.00002371e+00       1.00446297e+00       9.95804678e-01       9.99982420e-01       9.99982332e-01       9.95784920e-01       1.00442763e+00       1.00002464e+00       1.00000677e+00       1.00000560e+00
      1.24000000e-01       1.00000575e+00       1.00000697e+00       1.00002422e+00       1.00453260e+00       9.95738207e-01       9.99981832e-01       9.99981724e-01       9.95715745e-01       1.00449585e+00       1.00002530e+00       1.00000681e+00       1.00000560e+00
      1.25000000e-01       1.00000586e+00       1.00000711e+00       1.00002484e+00       1.00460335e+00       9.95671174e-01       9.99981231e-01       9.99981099e-01       9.95645972e-01       1.00456421e+00       1.00002606e+00       1.00000693e+00       1.00000568e+00
