      0.00000000e+00       1.00000259e+00       1.00000371e+00       1.00000679e+00       1.00388430e+00       9.95669438e-01       9.99991607e-01       9.99970938e-01       9.95379938e-01       1.00442860e+00       1.00001696e+00       1.00000042e+00       1.00000004e+00
      1.00000000e-04       1.00000259e+00       1.00000371e+00       1.00000683e+00       1.00388874e+00       9.95662695e-01       9.99991576e-01       9.99970855e-01       9.95372449e-01       1.00443354e+00       1.00001700e+00       1.00000042e+00       1.00000004e+00
      2.00000000e-04       1.00000259e+00       1.00000371e+00       1.00000687e+00       1.00389318e+00       9.95655951e-01       9.99991545e-01       9.99970771e-01       9.95364957e-01       1.00443848e+00       1.00001704e+00       1.00000042e+00       1.00000004e+00
      3.00000000e-04       1.00000259e+00       1.00000372e+00       1.00000690e+00       1.00389761e+00       9.95649206e-01       9.99991514e-01       9.99970687e-01       9.95357461e-01       1.00444343e+00       1.00001708e+00       1.00000043e+00       1.00000004e+00
      4.00000000e-04       1.00000259e+00       1.00000372e+00       1.00000694e+00       1.00390205e+00       9.95642459e-01       9.99991482e-01       9.99970603e-01       9.95349961e-01       1.00444840e+00       1.00001712e+00       1.00000043e+00       1.00000004e+00
      5.00000000e-04       1.00000259e+00       1.00000372e+00       1.00000698e+00       1.00390649e+00       9.95635712e-01       9.99991451e-01       9.99970519e-01       9.95342457e-01       1.00445338e+00       1.00001716e+00       1.00000043e+00       1.00000004e+00
      6.00000000e-04       1.00000259e+00       1.00000373e+00       1.00000702e+00       1.00391092e+00       9.95628962e-01       9.99991419e-01       9.99970435e-01       9.95334949e-01       1.00445838e+00       1.00001720e+00       1.00000043e+00       1.00000004e+00
      7.00000000e-04       1.00000259e+00       1.00000373e+00       1.00000706e+00       1.00391537e+00       9.95622211e-01       9.99991387e-01       9.99970350e-01       9.95327437e-01       1.00446340e+00       1.00001724e+00       1.00000043e+00       1.00000004e+00
      8.00000000e-04       1.00000259e+00       1.00000374e+00       1.00000710e+00       1.00391982e+00       9.95615458e-01       9.99991355e-01       9.99970266e-01       9.95319923e-01       1.00446846e+00       1.00001728e+00       1.00000043e+00       1.00000004e+00
      9.00000000e-04       1.00000259e+00       1.00000374e+00       1.00000714e+00       1.00392429e+00       9.95608703e-01       9.99991324e-01       9.99970181e-01       9.95312408e-01       1.00447357e+00       1.00001732e+00       1.00000043e+00       1.00000004e+00
      1.00000000e-03       1.00000259e+00       1.00000374e+00       1.00000718e+00       1.00392882e+00       9.95601942e-01       9.99991292e-01       9.99970096e-01       9.95304895e-01       1.00447879e+00       1.00001736e+00       1.00000043e+00       1.00000004e+00
      1.10000000e-03       1.00000260e+00       1.00000376e+00       1.00000723e+00       1.00393353e+00       9.95595171e-01       9.99991259e-01       9.99970011e-01       9.95297401e-01       1.00448432e+00       1.00001741e+00       1.00000044e+00       1.00000005e+00
      1.20000000e-03       1.00000260e+00       1.00000376e+00       1.00000727e+00       1.00393831e+00       9.95588395e-01       9.99991227e-01       9.99969926e-01       9.95289913e-01       1.00448997e+00       1.00001745e+00       1.00000044e+00       1.00000005e+00
      1.30000000e-03       1.00000260e+00       1.00000376e+00       1.00000731e+00       1.00394309e+00       9.95581617e-01       9.99991195e-01       9.99969840e-01       9.95282423e-01       1.00449566e+00       1.00001749e+00       1.00000044e+00       1.00000005e+00
      1.40000000e-03       1.00000260e+00       1.00000377e+00       1.00000735e+00       1.00394786e+00       9.95574837e-01       9.99991163e-01       9.99969754e-01       9.95274930e-01       1.00450137e+00       1.00001753e+00       1.00000044e+00       1.00000005e+00
      1.50000000e-03       1.00000260e+00       1.00000377e+00       1.00000739e+00       1.00395264e+00       9.95568056e-01       9.99991130e-01       9.99969669e-01       9.95267433e-01       1.00450711e+00       1.00001758e+00       1.00000045e+00       1.00000005e+00
      1.60000000e-03       1.00000260e+00       1.00000378e+00       1.00000743e+00       1.00395743e+00       9.95561272e-01       9.99991098e-01       9.99969583e-01       9.95259934e-01       1.00451288e+00       1.00001762e+00       1.00000045e+00       1.00000005e+00
      1.70000000e-03       1.00000260e+00       1.00000378e+00       1.00000747e+00       1.00396221e+00       9.95554487e-01       9.99991065e-01       9.99969496e-01       9.95252432e-01       1.00451868e+00       1.00001766e+00       1.00000045e+00       1.00000005e+00
      1.80000000e-03       1.00000260e+00       1.00000378e+00       1.00000751e+00       1.00396699e+00       9.95547700e-01       9.99991032e-01       9.99969410e-01       9.95244927e-01       1.00452451e+00       1.00001770e+00       1.00000045e+00       1.00000005e+00
      1.90000000e-03       1.00000260e+00       1.00000379e+00       1.00000755e+00       1.00397178e+00       9.95540911e-01       9.99990999e-01       9.99969323e-01       9.95237419e-01       1.00453038e+00       1.00001774e+00       1.00000045e+00       1.00000005e+00
      2.00000000e-03       1.00000260e+00       1.00000379e+00       1.00000759e+00       1.00397658e+00       9.95534120e-01       9.99990966e-01       9.99969236e-01       9.95229907e-01       1.00453627e+00       1.00001778e+00       1.00000045e+00       1.00000005e+00
      2.10000000e-03       1.00000260e+00       1.00000379e+00       1.00000763e+00       1.00398137e+00       9.95527327e-01       9.99990933e-01       9.99969149e-01       9.95222392e-01       1.00454220e+00       1.00001783e+00       1.00000045e+00       1.00000005e+00
      2.20000000e-03       1.00000260e+00       1.00000380e+00       1.00000767e+00       1.00398617e+00       9.95520532e-01       9.99990900e-01       9.99969062e-01       9.95214873e-01       1.00454816e+00       1.00001787e+00       1.00000045e+00       1.00000005e+00
      2.30000000e-03       1.00000260e+00       1.00000380e+00       1.00000771e+00       1.00399097e+00       9.95513735e-01       9.99990867e-01       9.99968975e-01       9.95207350e-01       1.00455416e+00       1.00001791e+00       1.00000045e+00       1.00000005e+00
      2.40000000e-03       1.00000260e+00       1.00000381e+00       1.00000775e+00       1.00399578e+00       9.95506935e-01       9.99990833e-01       9.99968887e-01       9.95199823e-01       1.00456018e+00       1.00001795e+00       1.00000045e+00       1.00000005e+00
      2.50000000e-03       1.00000260e+00       1.00000381e+00       1.00000779e+00       1.00400060e+00       9.95500132e-01       9.99990800e-01       9.99968799e-01       9.95192291e-01       1.00456624e+00       1.00001800e+00       1.00000046e+00       1.00000005e+00
      2.60000000e-03       1.00000260e+00       1.00000381e+00       1.00000783e+00       1.00400542e+00       9.95493325e-01       9.99990766e-01       9.99968711e-01       9.95184754e-01       1.00457233e+00       1.00001804e+00       1.00000046e+00       1.00000005e+00
      2.70000000e-03       1.00000260e+00       1.00000382e+00       1.00000787e+00       1.00401025e+00       9.95486515e-01       9.99990733e-01       9.99968623e-01       9.95177212e-01       1.00457845e+00       1.00001808e+00       1.00000046e+00       1.00000005e+00
      2.80000000e-03       1.00000260e+00       1.00000382e+00       1.00000791e+00       1.00401509e+00       9.95479701e-01       9.99990699e-01       9.99968535e-01       9.95169662e-01       1.00458460e+00       1.00001813e+00       1.00000046e+00       1.00000005e+00
      2.90000000e-03       1.00000260e+00       1.00000383e+00       1.00000795e+00       1.00401995e+00       9.95472883e-01       9.99990665e-01       9.99968446e-01       9.95162105e-01       1.00459078e+00       1.00001817e+00       1.00000046e+00       1.00000005e+00
      3.00000000e-03       1.00000260e+00       1.00000383e+00       1.00000800e+00       1.00402481e+00       9.95466060e-01       9.99990631e-01       9.99968357e-01       9.95154540e-01       1.00459698e+00       1.00001821e+00       1.00000046e+00       1.00000005e+00
      3.10000000e-03       1.00000260e+00       1.00000383e+00       1.00000804e+00       1.00402969e+00       9.95459233e-01       9.99990597e-01       9.99968268e-01       9.95146965e-01       1.00460320e+00       1.00001826e+00       1.00000046e+00       1.00000005e+00
      3.20000000e-03       1.00000260e+00       1.00000384e+00       1.00000808e+00       1.00403457e+00       9.95452404e-01       9.99990563e-01       9.99968179e-01       9.95139382e-01       1.00460945e+00       1.00001830e+00       1.00000046e+00       1.00000005e+00
      3.30000000e-03       1.00000260e+00       1.00000384e+00       1.00000812e+00       1.00403945e+00       9.95445573e-01       9.99990529e-01       9.99968090e-01       9.95131791e-01       1.00461571e+00       1.00001835e+00       1.00000046e+00       1.00000005e+00
      3.40000000e-03       1.00000260e+00       1.00000384e+00       1.00000816e+00       1.00404433e+00       9.95438742e-01       9.99990494e-01       9.99968000e-01       9.95124195e-01       1.00462200e+00       1.00001839e+00       1.00000047e+00       1.00000005e+00
      3.50000000e-03       1.00000260e+00       1.00000385e+00       1.00000820e+00       1.00404919e+00       9.95431907e-01       9.99990460e-01       9.99967910e-01       9.95116595e-01       1.00462830e+00       1.00001844e+00       1.00000047e+00       1.00000005e+00
      3.60000000e-03       1.00000260e+00       1.00000385e+00       1.00000824e+00       1.00405402e+00       9.95425073e-01       9.99990425e-01       9.99967820e-01       9.95108997e-01       1.00463460e+00       1.00001848e+00       1.00000047e+00       1.00000005e+00
      3.70000000e-03       1.00000260e+00       1.00000386e+00       1.00000829e+00       1.00405884e+00       9.95418237e-01       9.99990391e-01       9.99967730e-01       9.95101394e-01       1.00464092e+00       1.00001853e+00       1.00000047e+00       1.00000005e+00
      3.80000000e-03       1.00000260e+00       1.00000386e+00       1.00000833e+00       1.00406370e+00       9.95411389e-01       9.99990356e-01       9.99967640e-01       9.95093782e-01       1.00464737e+00       1.00001857e+00       1.00000047e+00       1.00000005e+00
      3.90000000e-03       1.00000260e+00       1.00000387e+00       1.00000837e+00       1.00406855e+00       9.95404539e-01       9.99990321e-01       9.99967549e-01       9.95086167e-01       1.00465384e+00       1.00001862e+00       1.00000047e+00       1.00000005e+00
      4.00000000e-03       1.00000260e+00       1.00000387e+00       1.00000841e+00       1.00407337e+00       9.95397684e-01       9.99990286e-01       9.99967458e-01       9.95078548e-01       1.00466041e+00       1.00001866e+00       1.00000047e+00       1.00000005e+00
      4.10000000e-03       1.00000260e+00       1.00000388e+00       1.00000846e+00       1.00407821e+00       9.95390834e-01       9.99990251e-01       9.99967367e-01       9.95070932e-01       1.00466686e+00       1.00001871e+00       1.00000047e+00       1.00000005e+00
      4.20000000e-03       1.00000260e+00       1.00000388e+00       1.00000850e+00       1.00408304e+00       9.95383986e-01       9.99990216e-01       9.99967276e-01       9.95063313e-01       1.00467330e+00       1.00001876e+00       1.00000048e+00       1.00000005e+00
      4.30000000e-03       1.00000260e+00       1.00000388e+00       1.00000854e+00       1.00408785e+00       9.95377134e-01       9.99990181e-01       9.99967184e-01       9.95055689e-01       1.00467983e+00       1.00001880e+00       1.00000048e+00       1.00000005e+00
      4.40000000e-03       1.00000260e+00       1.00000389e+00       1.00000858e+00       1.00409263e+00       9.95370279e-01       9.99990146e-01       9.99967092e-01       9.95048061e-01       1.00468643e+00       1.00001885e+00       1.00000048e+00       1.00000005e+00
      4.50000000e-03       1.00000261e+00       1.00000389e+00       1.00000862e+00       1.00409739e+00       9.95363423e-01       9.99990111e-01       9.99967000e-01       9.95040429e-01       1.00469311e+00       1.00001889e+00       1.00000048e+00       1.00000005e+00
      4.60000000e-03       1.00000261e+00       1.00000390e+00       1.00000867e+00       1.00410211e+00       9.95356565e-01       9.99990075e-01       9.99966908e-01       9.95032794e-01       1.00469985e+00       1.00001894e+00       1.00000048e+00       1.00000005e+00
      4.70000000e-03       1.00000261e+00       1.00000390e+00       1.00000871e+00       1.00410680e+00       9.95349705e-01       9.99990040e-01       9.99966816e-01       9.95025157e-01       1.00470665e+00       1.00001899e+00       1.00000048e+00       1.00000005e+00
      4.80000000e-03       1.00000261e+00       1.00000390e+00       1.00000875e+00       1.00411149e+00       9.95342841e-01       9.99990004e-01       9.99966723e-01       9.95017519e-01       1.00471348e+00       1.00001904e+00       1.00000048e+00       1.00000005e+00
      4.90000000e-03       1.00000261e+00       1.00000391e+00       1.00000879e+00       1.00411616e+00       9.95335973e-01       9.99989968e-01       9.99966631e-01       9.95009881e-01       1.00472033e+00       1.00001908e+00       1.00000048e+00       1.00000005e+00
      5.00000000e-03       1.00000261e+00       1.00000391e+00       1.00000884e+00       1.00412083e+00       9.95329101e-01       9.99989933e-01       9.99966538e-01       9.95002244e-01       1.00472720e+00       1.00001913e+00       1.00000048e+00       1.00000005e+00
      5.10000000e-03       1.00000261e+00       1.00000392e+00       1.00000888e+00       1.00412548e+00       9.95322224e-01       9.99989897e-01       9.99966444e-01       9.94994606e-01       1.00473409e+00       1.00001918e+00       1.00000049e+00       1.00000005e+00
      5.20000000e-03       1.00000261e+00       1.00000392e+00       1.00000892e+00       1.00413012e+00       9.95315342e-01       9.99989861e-01       9.99966351e-01       9.94986970e-01       1.00474099e+00       1.00001923e+00       1.00000049e+00       1.00000005e+00
      5.30000000e-03       1.00000261e+00       1.00000392e+00       1.00000896e+00       1.00413476e+00       9.95308456e-01       9.99989825e-01       9.99966257e-01       9.94979334e-01       1.00474792e+00       1.00001928e+00       1.00000049e+00       1.00000005e+00
      5.40000000e-03       1.00000261e+00       1.00000393e+00       1.00000901e+00       1.00413938e+00       9.95301564e-01       9.99989789e-01       9.99966163e-01       9.94971700e-01       1.00475487e+00       1.00001932e+00       1.00000049e+00       1.00000005e+00
      5.50000000e-03       1.00000261e+00       1.00000393e+00       1.00000905e+00       1.00414398e+00       9.95294667e-01       9.99989753e-01       9.99966069e-01       9.94964066e-01       1.00476184e+00       1.00001937e+00       1.00000049e+00       1.00000005e+00
      5.60000000e-03       1.00000261e+00       1.00000394e+00       1.00000909e+00       1.00414857e+00       9.95287763e-01       9.99989716e-01       9.99965975e-01       9.94956435e-01       1.00476882e+00       1.00001942e+00       1.00000049e+00       1.00000005e+00
      5.70000000e-03       1.00000261e+00       1.00000394e+00       1.00000913e+00       1.00415315e+00       9.95280855e-01       9.99989680e-01       9.99965881e-01       9.94948807e-01       1.00477584e+00       1.00001947e+00       1.00000049e+00       1.00000005e+00
      5.80000000e-03       1.00000268e+00       1.00000402e+00       1.00000925e+00       1.00415728e+00       9.95274213e-01       9.99989644e-01       9.99965786e-01       9.94941292e-01       1.00478416e+00       1.00001989e+00       1.00000087e+00       1.00000042e+00
      5.90000000e-03       1.00000268e+00       1.00000402e+00       1.00000929e+00       1.00416083e+00       9.95267858e-01       9.99989607e-01       9.99965691e-01       9.94933891e-01       1.00479299e+00       1.00001994e+00       1.00000088e+00       1.00000042e+00
      6.00000000e-03       1.00000268e+00       1.00000402e+00       1.00000934e+00       1.00416437e+00       9.95261509e-01       9.99989571e-01       9.99965596e-01       9.94926475e-01       1.00480172e+00       1.00001999e+00       1.00000088e+00       1.00000042e+00
      6.10000000e-03       1.00000268e+00       1.00000403e+00       1.00000938e+00       1.00416792e+00       9.95255164e-01       9.99989534e-01       9.99965501e-01       9.94919043e-01       1.00481038e+00       1.00002004e+00       1.00000088e+00       1.00000042e+00
      6.20000000e-03       1.00000268e+00       1.00000403e+00       1.00000942e+00       1.00417146e+00       9.95248822e-01       9.99989497e-01       9.99965406e-01       9.94911593e-01       1.00481896e+00       1.00002009e+00       1.00000088e+00       1.00000042e+00
      6.30000000e-03       1.00000268e+00       1.00000404e+00       1.00000947e+00       1.00417501e+00       9.95242486e-01       9.99989461e-01       9.99965310e-01       9.94904124e-01       1.00482746e+00       1.00002014e+00       1.00000088e+00       1.00000042e+00
      6.40000000e-03       1.00000268e+00       1.00000404e+00       1.00000951e+00       1.00417855e+00       9.95236153e-01       9.99989424e-01       9.99965215e-01       9.94896634e-01       1.00483590e+00       1.00002019e+00       1.00000088e+00       1.00000042e+00
      6.50000000e-03       1.00000268e+00       1.00000405e+00       1.00000955e+00       1.00418208e+00       9.95229826e-01       9.99989387e-01       9.99965119e-01       9.94889123e-01       1.00484428e+00       1.00002023e+00       1.00000088e+00       1.00000042e+00
      6.60000000e-03       1.00000268e+00       1.00000405e+00       1.00000960e+00       1.00418560e+00       9.95223503e-01       9.99989350e-01       9.99965023e-01       9.94881590e-01       1.00485260e+00       1.00002028e+00       1.00000088e+00       1.00000042e+00
      6.70000000e-03       1.00000268e+00       1.00000405e+00       1.00000964e+00       1.00418911e+00       9.95217185e-01       9.99989313e-01       9.99964927e-01       9.94874038e-01       1.00486087e+00       1.00002033e+00       1.00000088e+00       1.00000042e+00
      6.80000000e-03       1.00000268e+00       1.00000406e+00       1.00000969e+00       1.00419260e+00       9.95210870e-01       9.99989276e-01       9.99964831e-01       9.94866466e-01       1.00486910e+00       1.00002038e+00       1.00000088e+00       1.00000042e+00
      6.90000000e-03       1.00000268e+00       1.00000406e+00       1.00000973e+00       1.00419607e+00       9.95204559e-01       9.99989238e-01       9.99964735e-01       9.94858878e-01       1.00487730e+00       1.00002043e+00       1.00000089e+00       1.00000042e+00
      7.00000000e-03       1.00000268e+00       1.00000407e+00       1.00000977e+00       1.00419952e+00       9.95198250e-01       9.99989201e-01       9.99964638e-01       9.94851276e-01       1.00488548e+00       1.00002048e+00       1.00000089e+00       1.00000042e+00
      7.10000000e-03       1.00000268e+00       1.00000407e+00       1.00000982e+00       1.00420294e+00       9.95191942e-01       9.99989164e-01       9.99964542e-01       9.94843663e-01       1.00489364e+00       1.00002053e+00       1.00000089e+00       1.00000042e+00
      7.20000000e-03       1.00000268e+00       1.00000407e+00       1.00000986e+00       1.00420634e+00       9.95185635e-01       9.99989126e-01       9.99964445e-01       9.94836039e-01       1.00490179e+00       1.00002058e+00       1.00000089e+00       1.00000042e+00
      7.30000000e-03       1.00000268e+00       1.00000408e+00       1.00000991e+00       1.00420972e+00       9.95179326e-01       9.99989089e-01       9.99964348e-01       9.94828407e-01       1.00490994e+00       1.00002063e+00       1.00000089e+00       1.00000042e+00
      7.40000000e-03       1.00000268e+00       1.00000408e+00       1.00000995e+00       1.00421308e+00       9.95173016e-01       9.99989051e-01       9.99964251e-01       9.94820768e-01       1.00491808e+00       1.00002067e+00       1.00000089e+00       1.00000042e+00
      7.50000000e-03       1.00000268e+00       1.00000409e+00       1.00001000e+00       1.00421642e+00       9.95166703e-01       9.99989014e-01       9.99964154e-01       9.94813122e-01       1.00492622e+00       1.00002072e+00       1.00000089e+00       1.00000042e+00
      7.60000000e-03       1.00000268e+00       1.00000409e+00       1.00001004e+00       1.00421975e+00       9.95160387e-01       9.99988976e-01       9.99964056e-01       9.94805470e-01       1.00493435e+00       1.00002077e+00       1.00000089e+00       1.00000042e+00
      7.70000000e-03       1.00000268e+00       1.00000410e+00       1.00001009e+00       1.00422306e+00       9.95154068e-01       9.99988938e-01       9.99963959e-01       9.94797813e-01       1.00494248e+00       1.00002082e+00       1.00000089e+00       1.00000042e+00
      7.80000000e-03       1.00000268e+00       1.00000410e+00       1.00001013e+00       1.00422635e+00       9.95147745e-01       9.99988900e-01       9.99963861e-01       9.94790150e-01       1.00495061e+00       1.00002087e+00       1.00000090e+00       1.00000042e+00
      7.90000000e-03       1.00000268e+00       1.00000410e+00       1.00001018e+00       1.00422964e+00       9.95141417e-01       9.99988862e-01       9.99963764e-01       9.94782482e-01       1.00495873e+00       1.00002092e+00       1.00000090e+00       1.00000042e+00
      8.00000000e-03       1.00000268e+00       1.00000411e+00       1.00001022e+00       1.00423291e+00       9.95135084e-01       9.99988824e-01       9.99963666e-01       9.94774809e-01       1.00496685e+00       1.00002096e+00       1.00000090e+00       1.00000042e+00
      8.10000000e-03       1.00000268e+00       1.00000411e+00       1.00001027e+00       1.00423618e+00       9.95128747e-01       9.99988786e-01       9.99963568e-01       9.94767132e-01       1.00497496e+00       1.00002101e+00       1.00000090e+00       1.00000042e+00
      8.20000000e-03       1.00000268e+00       1.00000412e+00       1.00001031e+00       1.00423944e+00       9.95122403e-01       9.99988748e-01       9.99963469e-01       9.94759449e-01       1.00498306e+00       1.00002106e+00       1.00000090e+00       1.00000042e+00
      8.30000000e-03       1.00000268e+00       1.00000412e+00       1.00001036e+00       1.00424269e+00       9.95116054e-01       9.99988710e-01       9.99963371e-01       9.94751761e-01       1.00499116e+00       1.00002111e+00       1.00000090e+00       1.00000042e+00
      8.40000000e-03       1.00000268e+00       1.00000413e+00       1.00001040e+00       1.00424594e+00       9.95109699e-01       9.99988671e-01       9.99963273e-01       9.94744068e-01       1.00499925e+00       1.00002115e+00       1.00000090e+00       1.00000042e+00
      8.50000000e-03       1.00000268e+00       1.00000413e+00       1.00001045e+00       1.00424918e+00       9.95103337e-01       9.99988633e-01       9.99963174e-01       9.94736370e-01       1.00500733e+00       1.00002120e+00       1.00000090e+00       1.00000042e+00
      8.60000000e-03       1.00000268e+00       1.00000413e+00       1.00001050e+00       1.00425242e+00       9.95096968e-01       9.99988594e-01       9.99963075e-01       9.94728666e-01       1.00501540e+00       1.00002125e+00       1.00000090e+00       1.00000042e+00
      8.70000000e-03       1.00000268e+00       1.00000414e+00       1.00001054e+00       1.00425566e+00       9.95090592e-01       9.99988556e-01       9.99962976e-01       9.94720956e-01       1.00502345e+00       1.00002130e+00       1.00000091e+00       1.00000042e+00
      8.80000000e-03       1.00000268e+00       1.00000414e+00       1.00001059e+00       1.00425889e+00       9.95084209e-01       9.99988517e-01       9.99962877e-01       9.94713241e-01       1.00503149e+00       1.00002134e+00       1.00000091e+00       1.00000042e+00
      8.90000000e-03       1.00000268e+00       1.00000415e+00       1.00001063e+00       1.00426213e+00       9.95077817e-01       9.99988478e-01       9.99962778e-01       9.94705519e-01       1.00503950e+00       1.00002139e+00       1.00000091e+00       1.00000042e+00
      9.00000000e-03       1.00000268e+00       1.00000415e+00       1.00001068e+00       1.00426537e+00       9.95071415e-01       9.99988440e-01       9.99962678e-01       9.94697790e-01       1.00504750e+00       1.00002144e+00       1.00000091e+00       1.00000042e+00
      9.10000000e-03       1.00000268e+00       1.00000416e+00       1.00001073e+00       1.00426862e+00       9.95065003e-01       9.99988401e-01       9.99962579e-01       9.94690053e-01       1.00505546e+00       1.00002148e+00       1.00000091e+00       1.00000042e+00
      9.20000000e-03       1.00000268e+00       1.00000416e+00       1.00001078e+00       1.00427195e+00       9.95058560e-01       9.99988362e-01       9.99962479e-01       9.94682303e-01       1.00506330e+00       1.00002153e+00       1.00000091e+00       1.00000043e+00
      9.30000000e-03       1.00000269e+00       1.00000417e+00       1.00001083e+00       1.00427530e+00       9.95052126e-01       9.99988323e-01       9.99962379e-01       9.94674534e-01       1.00507107e+00       1.00002158e+00       1.00000092e+00       1.00000043e+00
      9.40000000e-03       1.00000269e+00       1.00000418e+00       1.00001087e+00       1.00427866e+00       9.95045705e-01       9.99988284e-01       9.99962279e-01       9.94666746e-01       1.00507877e+00       1.00002163e+00       1.00000092e+00       1.00000043e+00
      9.50000000e-03       1.00000269e+00       1.00000418e+00       1.00001092e+00       1.00428200e+00       9.95039279e-01       9.99988244e-01       9.99962179e-01       9.94658954e-01       1.00508647e+00       1.00002167e+00       1.00000092e+00       1.00000043e+00
      9.60000000e-03       1.00000269e+00       1.00000419e+00       1.00001097e+00       1.00428532e+00       9.95032849e-01       9.99988205e-01       9.99962079e-01       9.94651159e-01       1.00509419e+00       1.00002172e+00       1.00000092e+00       1.00000043e+00
      9.70000000e-03       1.00000269e+00       1.00000419e+00       1.00001101e+00       1.00428862e+00       9.95026415e-01       9.99988166e-01       9.99961978e-01       9.94643359e-01       1.00510191e+00       1.00002176e+00       1.00000092e+00       1.00000043e+00
      9.80000000e-03       1.00000269e+00       1.00000419e+00       1.00001106e+00       1.00429191e+00       9.95019972e-01       9.99988126e-01       9.99961878e-01       9.94635559e-01       1.00510962e+00       1.00002181e+00       1.00000092e+00       1.00000043e+00
      9.90000000e-03       1.00000269e+00       1.00000420e+00       1.00001111e+00       1.00429515e+00       9.95013532e-01       9.99988087e-01       9.99961777e-01       9.94627751e-01       1.00511736e+00       1.00002186e+00       1.00000092e+00       1.00000043e+00
      1.00000000e-02       1.00000269e+00       1.00000420e+00       1.00001115e+00       1.00429839e+00       9.95007085e-01       9.99988047e-01       9.99961676e-01       9.94619940e-01       1.00512509e+00       1.00002190e+00       1.00000092e+00       1.00000043e+00
      1.01000000e-02       1.00000269e+00       1.00000421e+00       1.00001120e+00       1.00430158e+00       9.95000646e-01       9.99988008e-01       9.99961575e-01       9.94612121e-01       1.00513287e+00       1.00002195e+00       1.00000093e+00       1.00000043e+00
      1.02000000e-02       1.00000269e+00       1.00000421e+00       1.00001125e+00       1.00430474e+00       9.94994208e-01       9.99987968e-01       9.99961474e-01       9.94604296e-01       1.00514069e+00       1.00002199e+00       1.00000093e+00       1.00000043e+00
      1.03000000e-02       1.00000270e+00       1.00000423e+00       1.00001131e+00       1.00430800e+00       9.94987731e-01       9.99987928e-01       9.99961373e-01       9.94596490e-01       1.00514839e+00       1.00002204e+00       1.00000093e+00       1.00000044e+00
      1.04000000e-02       1.00000270e+00       1.00000424e+00       1.00001136e+00       1.00431133e+00       9.94981229e-01       9.99987888e-01       9.99961271e-01       9.94588697e-01       1.00515601e+00       1.00002209e+00       1.00000094e+00       1.00000044e+00
      1.05000000e-02       1.00000270e+00       1.00000424e+00       1.00001140e+00       1.00431465e+00       9.94974746e-01       9.99987848e-01       9.99961170e-01       9.94580895e-01       1.00516370e+00       1.00002213e+00       1.00000094e+00       1.00000044e+00
      1.06000000e-02       1.00000270e+00       1.00000424e+00       1.00001145e+00       1.00431795e+00       9.94968282e-01       9.99987808e-01       9.99961068e-01       9.94573082e-01       1.00517147e+00       1.00002218e+00       1.00000094e+00       1.00000044e+00
      1.07000000e-02       1.00000270e+00       1.00000425e+00       1.00001150e+00       1.00432123e+00       9.94961837e-01       9.99987768e-01       9.99960966e-01       9.94565256e-01       1.00517929e+00       1.00002222e+00       1.00000094e+00       1.00000044e+00
      1.08000000e-02       1.00000270e+00       1.00000425e+00       1.00001154e+00       1.00432447e+00       9.94955414e-01       9.99987728e-01       9.99960864e-01       9.94557410e-01       1.00518717e+00       1.00002226e+00       1.00000094e+00       1.00000044e+00
      1.09000000e-02       1.00000270e+00       1.00000426e+00       1.00001159e+00       1.00432764e+00       9.94949023e-01       9.99987687e-01       9.99960762e-01       9.94549522e-01       1.00519506e+00       1.00002231e+00       1.00000094e+00       1.00000044e+00
      1.10000000e-02       1.00000273e+00       1.00000429e+00       1.00001167e+00       1.00433106e+00       9.94942606e-01       9.99987647e-01       9.99960660e-01       9.94541775e-01       1.00520344e+00       1.00002239e+00       1.00000098e+00       1.00000048e+00
      1.11000000e-02       1.00000273e+00       1.00000430e+00       1.00001172e+00       1.00433487e+00       9.94936148e-01       9.99987606e-01       9.99960558e-01       9.94534226e-01       1.00521244e+00       1.00002244e+00       1.00000099e+00       1.00000048e+00
      1.12000000e-02       1.00000273e+00       1.00000430e+00       1.00001176e+00       1.00433867e+00       9.94929674e-01       9.99987566e-01       9.99960455e-01       9.94526678e-01       1.00522138e+00       1.00002248e+00       1.00000099e+00       1.00000048e+00
      1.13000000e-02       1.00000274e+00       1.00000431e+00       1.00001181e+00       1.00434227e+00       9.94923170e-01       9.99987525e-01       9.99960353e-01       9.94519079e-01       1.00522993e+00       1.00002253e+00       1.00000099e+00       1.00000048e+00
      1.14000000e-02       1.00000274e+00       1.00000431e+00       1.00001186e+00       1.00434588e+00       9.94916649e-01       9.99987485e-01       9.99960250e-01       9.94511475e-01       1.00523838e+00       1.00002257e+00       1.00000099e+00       1.00000048e+00
      1.15000000e-02       1.00000274e+00       1.00000432e+00       1.00001191e+00       1.00434950e+00       9.94910110e-01       9.99987444e-01       9.99960147e-01       9.94503866e-01       1.00524673e+00       1.00002261e+00       1.00000100e+00       1.00000048e+00
      1.16000000e-02       1.00000274e+00       1.00000432e+00       1.00001196e+00       1.00435316e+00       9.94903555e-01       9.99987403e-01       9.99960044e-01       9.94496250e-01       1.00525495e+00       1.00002266e+00       1.00000100e+00       1.00000048e+00
      1.17000000e-02       1.00000274e+00       1.00000433e+00       1.00001200e+00       1.00435684e+00       9.94896984e-01       9.99987362e-01       9.99959941e-01       9.94488628e-01       1.00526306e+00       1.00002270e+00       1.00000100e+00       1.00000048e+00
      1.18000000e-02       1.00000274e+00       1.00000433e+00       1.00001205e+00       1.00436055e+00       9.94890397e-01       9.99987321e-01       9.99959838e-01       9.94480997e-01       1.00527102e+00       1.00002274e+00       1.00000100e+00       1.00000048e+00
      1.19000000e-02       1.00000274e+00       1.00000433e+00       1.00001210e+00       1.00436429e+00       9.94883794e-01       9.99987280e-01       9.99959734e-01       9.94473357e-01       1.00527884e+00       1.00002278e+00       1.00000100e+00       1.00000048e+00
      1.20000000e-02       1.00000274e+00       1.00000434e+00       1.00001215e+00       1.00436807e+00       9.94877175e-01       9.99987238e-01       9.99959631e-01       9.94465709e-01       1.00528648e+00       1.00002282e+00       1.00000100e+00       1.00000048e+00
      1.21000000e-02       1.00000274e+00       1.00000434e+00       1.00001220e+00       1.00437186e+00       9.94870538e-01       9.99987197e-01       9.99959527e-01       9.94458060e-01       1.00529394e+00       1.00002287e+00       1.00000100e+00       1.00000048e+00
      1.22000000e-02       1.00000274e+00       1.00000435e+00       1.00001224e+00       1.00437559e+00       9.94863880e-01       9.99987156e-01       9.99959424e-01       9.94450420e-01       1.00530128e+00       1.00002291e+00       1.00000100e+00       1.00000048e+00
      1.23000000e-02       1.00000274e+00       1.00000435e+00       1.00001229e+00       1.00437923e+00       9.94857200e-01       9.99987114e-01       9.99959320e-01       9.94442791e-01       1.00530851e+00       1.00002295e+00       1.00000100e+00       1.00000048e+00
      1.24000000e-02       1.00000274e+00       1.00000436e+00       1.00001234e+00       1.00438277e+00       9.94850501e-01       9.99987073e-01       9.99959216e-01       9.94435169e-01       1.00531565e+00       1.00002299e+00       1.00000101e+00       1.00000048e+00
      1.25000000e-02       1.00000274e+00       1.00000436e+00       1.00001239e+00       1.00438620e+00       9.94843783e-01       9.99987031e-01       9.99959111e-01       9.94427548e-01       1.00532268e+00       1.00002303e+00       1.00000101e+00       1.00000048e+00
      1.26000000e-02       1.00000274e+00       1.00000437e+00       1.00001244e+00       1.00438951e+00       9.94837047e-01       9.99986989e-01       9.99959007e-01       9.94419926e-01       1.00532961e+00       1.00002307e+00       1.00000101e+00       1.00000048e+00
      1.27000000e-02       1.00000274e+00       1.00000437e+00       1.00001249e+00       1.00439271e+00       9.94830290e-01       9.99986948e-01       9.99958903e-01       9.94412302e-01       1.00533644e+00       1.00002312e+00       1.00000101e+00       1.00000048e+00
      1.28000000e-02       1.00000274e+00       1.00000438e+00       1.00001254e+00       1.00439579e+00       9.94823511e-01       9.99986906e-01       9.99958798e-01       9.94404675e-01       1.00534316e+00       1.00002316e+00       1.00000101e+00       1.00000048e+00
      1.29000000e-02       1.00000274e+00       1.00000438e+00       1.00001259e+00       1.00439875e+00       9.94816708e-01       9.99986864e-01       9.99958693e-01       9.94397045e-01       1.00534978e+00       1.00002320e+00       1.00000101e+00       1.00000048e+00
      1.30000000e-02       1.00000274e+00       1.00000439e+00       1.00001264e+00       1.00440157e+00       9.94809876e-01       9.99986822e-01       9.99958588e-01       9.94389411e-01       1.00535627e+00       1.00002324e+00       1.00000101e+00       1.00000048e+00
      1.31000000e-02       1.00000274e+00       1.00000439e+00       1.00001269e+00       1.00440417e+00       9.94803004e-01       9.99986780e-01       9.99958483e-01       9.94381764e-01       1.00536259e+00       1.00002329e+00       1.00000102e+00       1.00000049e+00
      1.32000000e-02       1.00000274e+00       1.00000440e+00       1.00001274e+00       1.00440663e+00       9.94796087e-01       9.99986737e-01       9.99958378e-01       9.94374127e-01       1.00536879e+00       1.00002333e+00       1.00000102e+00       1.00000049e+00
      1.33000000e-02       1.00000274e+00       1.00000440e+00       1.00001279e+00       1.00440909e+00       9.94789136e-01       9.99986695e-01       9.99958273e-01       9.94366511e-01       1.00537500e+00       1.00002337e+00       1.00000102e+00       1.00000049e+00
      1.34000000e-02       1.00000274e+00       1.00000441e+00       1.00001284e+00       1.00441159e+00       9.94782152e-01       9.99986653e-01       9.99958167e-01       9.94358920e-01       1.00538123e+00       1.00002341e+00       1.00000102e+00       1.00000049e+00
      1.35000000e-02       1.00000274e+00       1.00000441e+00       1.00001289e+00       1.00441417e+00       9.94775138e-01       9.99986610e-01       9.99958061e-01       9.94351355e-01       1.00538750e+00       1.00002345e+00       1.00000102e+00       1.00000049e+00
      1.36000000e-02       1.00000274e+00       1.00000441e+00       1.00001294e+00       1.00441684e+00       9.94768099e-01       9.99986568e-01       9.99957955e-01       9.94343816e-01       1.00539381e+00       1.00002350e+00       1.00000102e+00       1.00000049e+00
      1.37000000e-02       1.00000274e+00       1.00000442e+00       1.00001299e+00       1.00441963e+00       9.94761039e-01       9.99986525e-01       9.99957849e-01       9.94336302e-01       1.00540017e+00       1.00002354e+00       1.00000102e+00       1.00000049e+00
      1.38000000e-02       1.00000274e+00       1.00000442e+00       1.00001304e+00       1.00442255e+00       9.94753964e-01       9.99986483e-01       9.99957743e-01       9.94328812e-01       1.00540658e+00       1.00002358e+00       1.00000102e+00       1.00000049e+00
      1.39000000e-02       1.00000274e+00       1.00000443e+00       1.00001309e+00       1.00442560e+00       9.94746879e-01       9.99986440e-01       9.99957636e-01       9.94321343e-01       1.00541304e+00       1.00002362e+00       1.00000102e+00       1.00000049e+00
      1.40000000e-02       1.00000274e+00       1.00000443e+00       1.00001314e+00       1.00442878e+00       9.94739788e-01       9.99986397e-01       9.99957530e-01       9.94313894e-01       1.00541954e+00       1.00002367e+00       1.00000103e+00       1.00000049e+00
      1.41000000e-02       1.00000274e+00       1.00000444e+00       1.00001319e+00       1.00443210e+00       9.94732696e-01       9.99986354e-01       9.99957423e-01       9.94306464e-01       1.00542610e+00       1.00002371e+00       1.00000103e+00       1.00000049e+00
      1.42000000e-02       1.00000274e+00       1.00000444e+00       1.00001324e+00       1.00443556e+00       9.94725607e-01       9.99986311e-01       9.99957316e-01       9.94299048e-01       1.00543272e+00       1.00002375e+00       1.00000103e+00       1.00000049e+00
      1.43000000e-02       1.00000274e+00       1.00000445e+00       1.00001329e+00       1.00443915e+00       9.94718523e-01       9.99986268e-01       9.99957209e-01       9.94291646e-01       1.00543940e+00       1.00002379e+00       1.00000103e+00       1.00000049e+00
      1.44000000e-02       1.00000274e+00       1.00000445e+00       1.00001334e+00       1.00444287e+00       9.94711447e-01       9.99986225e-01       9.99957101e-01       9.94284253e-01       1.00544615e+00       1.00002384e+00       1.00000103e+00       1.00000049e+00
      1.45000000e-02       1.00000274e+00       1.00000446e+00       1.00001340e+00       1.00444671e+00       9.94704380e-01       9.99986182e-01       9.99956994e-01       9.94276869e-01       1.00545297e+00       1.00002388e+00       1.00000103e+00       1.00000049e+00
      1.46000000e-02       1.00000274e+00       1.00000446e+00       1.00001345e+00       1.00445065e+00       9.94697323e-01       9.99986139e-01       9.99956886e-01       9.94269492e-01       1.00545986e+00       1.00002392e+00       1.00000103e+00       1.00000049e+00
      1.47000000e-02       1.00000274e+00       1.00000447e+00       1.00001350e+00       1.00445469e+00       9.94690275e-01       9.99986095e-01       9.99956778e-01       9.94262119e-01       1.00546680e+00       1.00002396e+00       1.00000103e+00       1.00000049e+00
      1.48000000e-02       1.00000274e+00       1.00000447e+00       1.00001355e+00       1.00445881e+00       9.94683234e-01       9.99986052e-01       9.99956670e-01       9.94254750e-01       1.00547380e+00       1.00002401e+00       1.00000104e+00       1.00000049e+00
      1.49000000e-02       1.00000274e+00       1.00000448e+00       1.00001360e+00       1.00446301e+00       9.94676200e-01       9.99986008e-01       9.99956561e-01       9.94247385e-01       1.00548086e+00       1.00002405e+00       1.00000104e+00       1.00000049e+00
      1.50000000e-02       1.00000274e+00       1.00000448e+00       1.00001365e+00       1.00446726e+00       9.94669171e-01       9.99985964e-01       9.99956453e-01       9.94240023e-01       1.00548796e+00       1.00002409e+00       1.00000104e+00       1.00000049e+00
      1.51000000e-02       1.00000274e+00       1.00000449e+00       1.00001370e+00       1.00447156e+00       9.94662145e-01       9.99985920e-01       9.99956344e-01       9.94232667e-01       1.00549510e+00       1.00002414e+00       1.00000104e+00       1.00000049e+00
      1.52000000e-02       1.00000274e+00       1.00000449e+00       1.00001376e+00       1.00447591e+00       9.94655122e-01       9.99985876e-01       9.99956235e-01       9.94225314e-01       1.00550228e+00       1.00002418e+00       1.00000104e+00       1.00000049e+00
      1.53000000e-02       1.00000274e+00       1.00000450e+00       1.00001381e+00       1.00448029e+00       9.94648100e-01       9.99985832e-01       9.99956126e-01       9.94217967e-01       1.00550950e+00       1.00002422e+00       1.00000104e+00       1.00000049e+00
      1.54000000e-02       1.00000274e+00       1.00000450e+00       1.00001386e+00       1.00448470e+00       9.94641077e-01       9.99985788e-01       9.99956017e-01       9.94210625e-01       1.00551675e+00       1.00002426e+00       1.00000104e+00       1.00000049e+00
      1.55000000e-02       1.00000274e+00       1.00000451e+00       1.00001391e+00       1.00448912e+00       9.94634052e-01       9.99985744e-01       9.99955907e-01       9.94203288e-01       1.00552401e+00       1.00002431e+00       1.00000104e+00       1.00000049e+00
      1.56000000e-02       1.00000274e+00       1.00000451e+00       1.00001396e+00       1.00449355e+00       9.94627023e-01       9.99985699e-01       9.99955798e-01       9.94195956e-01       1.00553128e+00       1.00002435e+00       1.00000104e+00       1.00000049e+00
      1.57000000e-02       1.00000274e+00       1.00000452e+00       1.00001402e+00       1.00449799e+00       9.94619989e-01       9.99985655e-01       9.99955688e-01       9.94188626e-01       1.00553855e+00       1.00002439e+00       1.00000105e+00       1.00000049e+00
      1.58000000e-02       1.00000274e+00       1.00000452e+00       1.00001407e+00       1.00450243e+00       9.94612951e-01       9.99985610e-01       9.99955578e-01       9.94181297e-01       1.00554580e+00       1.00002444e+00       1.00000105e+00       1.00000049e+00
      1.59000000e-02       1.00000274e+00       1.00000453e+00       1.00001412e+00       1.00450689e+00       9.94605910e-01       9.99985565e-01       9.99955467e-01       9.94173968e-01       1.00555302e+00       1.00002448e+00       1.00000105e+00       1.00000049e+00
      1.60000000e-02       1.00000274e+00       1.00000453e+00       1.00001418e+00       1.00451139e+00       9.94598877e-01       9.99985521e-01       9.99955357e-01       9.94166634e-01       1.00556022e+00       1.00002452e+00       1.00000105e+00       1.00000049e+00
      1.61000000e-02       1.00000275e+00       1.00000454e+00       1.00001423e+00       1.00451583e+00       9.94591816e-01       9.99985476e-01       9.99955246e-01       9.94159311e-01       1.00556740e+00       1.00002457e+00       1.00000105e+00       1.00000049e+00
      1.62000000e-02       1.00000275e+00       1.00000455e+00       1.00001429e+00       1.00452028e+00       9.94584732e-01       9.99985431e-01       9.99955135e-01       9.94152010e-01       1.00557461e+00       1.00002461e+00       1.00000105e+00       1.00000049e+00
      1.63000000e-02       1.00000277e+00       1.00000458e+00       1.00001436e+00       1.00452465e+00       9.94577612e-01       9.99985385e-01       9.99955024e-01       9.94144720e-01       1.00558183e+00       1.00002466e+00       1.00000106e+00       1.00000050e+00
      1.64000000e-02       1.00000277e+00       1.00000458e+00       1.00001442e+00       1.00452863e+00       9.94570447e-01       9.99985340e-01       9.99954913e-01       9.94137359e-01       1.00558873e+00       1.00002470e+00       1.00000107e+00       1.00000050e+00
      1.65000000e-02       1.00000277e+00       1.00000459e+00       1.00001447e+00       1.00453272e+00       9.94563257e-01       9.99985295e-01       9.99954802e-01       9.94130020e-01       1.00559563e+00       1.00002474e+00       1.00000107e+00       1.00000050e+00
      1.66000000e-02       1.00000277e+00       1.00000459e+00       1.00001452e+00       1.00453674e+00       9.94556056e-01       9.99985249e-01       9.99954690e-01       9.94122663e-01       1.00560241e+00       1.00002478e+00       1.00000107e+00       1.00000050e+00
      1.67000000e-02       1.00000277e+00       1.00000460e+00       1.00001457e+00       1.00454071e+00       9.94548842e-01       9.99985204e-01       9.99954578e-01       9.94115293e-01       1.00560908e+00       1.00002483e+00       1.00000107e+00       1.00000050e+00
      1.68000000e-02       1.00000277e+00       1.00000460e+00       1.00001463e+00       1.00454465e+00       9.94541619e-01       9.99985158e-01       9.99954466e-01       9.94107913e-01       1.00561567e+00       1.00002487e+00       1.00000107e+00       1.00000050e+00
      1.69000000e-02       1.00000277e+00       1.00000461e+00       1.00001468e+00       1.00454857e+00       9.94534385e-01       9.99985112e-01       9.99954354e-01       9.94100528e-01       1.00562218e+00       1.00002491e+00       1.00000107e+00       1.00000050e+00
      1.70000000e-02       1.00000277e+00       1.00000461e+00       1.00001473e+00       1.00455249e+00       9.94527141e-01       9.99985066e-01       9.99954241e-01       9.94093140e-01       1.00562862e+00       1.00002495e+00       1.00000107e+00       1.00000050e+00
      1.71000000e-02       1.00000277e+00       1.00000462e+00       1.00001479e+00       1.00455641e+00       9.94519887e-01       9.99985020e-01       9.99954129e-01       9.94085755e-01       1.00563500e+00       1.00002499e+00       1.00000107e+00       1.00000050e+00
      1.72000000e-02       1.00000277e+00       1.00000462e+00       1.00001484e+00       1.00456037e+00       9.94512622e-01       9.99984974e-01       9.99954016e-01       9.94078376e-01       1.00564135e+00       1.00002503e+00       1.00000107e+00       1.00000050e+00
      1.73000000e-02       1.00000277e+00       1.00000463e+00       1.00001489e+00       1.00456437e+00       9.94505345e-01       9.99984928e-01       9.99953903e-01       9.94071010e-01       1.00564766e+00       1.00002507e+00       1.00000108e+00       1.00000050e+00
      1.74000000e-02       1.00000277e+00       1.00000463e+00       1.00001495e+00       1.00456845e+00       9.94498054e-01       9.99984881e-01       9.99953790e-01       9.94063662e-01       1.00565395e+00       1.00002511e+00       1.00000108e+00       1.00000050e+00
      1.75000000e-02       1.00000277e+00       1.00000464e+00       1.00001500e+00       1.00457261e+00       9.94490749e-01       9.99984835e-01       9.99953676e-01       9.94056335e-01       1.00566021e+00       1.00002515e+00       1.00000108e+00       1.00000050e+00
      1.76000000e-02       1.00000277e+00       1.00000464e+00       1.00001505e+00       1.00457686e+00       9.94483427e-01       9.99984788e-01       9.99953562e-01       9.94049034e-01       1.00566646e+00       1.00002519e+00       1.00000108e+00       1.00000050e+00
      1.77000000e-02       1.00000277e+00       1.00000465e+00       1.00001511e+00       1.00458120e+00       9.94476088e-01       9.99984742e-01       9.99953448e-01       9.94041759e-01       1.00567269e+00       1.00002523e+00       1.00000108e+00       1.00000050e+00
      1.78000000e-02       1.00000277e+00       1.00000465e+00       1.00001516e+00       1.00458564e+00       9.94468728e-01       9.99984695e-01       9.99953334e-01       9.94034512e-01       1.00567888e+00       1.00002527e+00       1.00000108e+00       1.00000050e+00
      1.79000000e-02       1.00000277e+00       1.00000466e+00       1.00001521e+00       1.00459017e+00       9.94461345e-01       9.99984648e-01       9.99953220e-01       9.94027295e-01       1.00568502e+00       1.00002531e+00       1.00000108e+00       1.00000050e+00
      1.80000000e-02       1.00000277e+00       1.00000466e+00       1.00001527e+00       1.00459479e+00       9.94453932e-01       9.99984601e-01       9.99953105e-01       9.94020110e-01       1.00569110e+00       1.00002535e+00       1.00000108e+00       1.00000050e+00
      1.81000000e-02       1.00000277e+00       1.00000467e+00       1.00001532e+00       1.00459951e+00       9.94446474e-01       9.99984554e-01       9.99952991e-01       9.94012965e-01       1.00569705e+00       1.00002539e+00       1.00000108e+00       1.00000050e+00
      1.82000000e-02       1.00000277e+00       1.00000467e+00       1.00001538e+00       1.00460436e+00       9.94438940e-01       9.99984506e-01       9.99952876e-01       9.94005873e-01       1.00570274e+00       1.00002542e+00       1.00000109e+00       1.00000050e+00
      1.83000000e-02       1.00000277e+00       1.00000468e+00       1.00001543e+00       1.00460930e+00       9.94431336e-01       9.99984459e-01       9.99952761e-01       9.93998821e-01       1.00570818e+00       1.00002546e+00       1.00000109e+00       1.00000050e+00
      1.84000000e-02       1.00000277e+00       1.00000468e+00       1.00001549e+00       1.00461432e+00       9.94423690e-01       9.99984411e-01       9.99952645e-01       9.93991792e-01       1.00571348e+00       1.00002550e+00       1.00000109e+00       1.00000050e+00
      1.85000000e-02       1.00000277e+00       1.00000469e+00       1.00001554e+00       1.00461940e+00       9.94416016e-01       9.99984364e-01       9.99952529e-01       9.93984777e-01       1.00571868e+00       1.00002554e+00       1.00000109e+00       1.00000050e+00
      1.86000000e-02       1.00000277e+00       1.00000469e+00       1.00001559e+00       1.00462452e+00       9.94408323e-01       9.99984316e-01       9.99952414e-01       9.93977772e-01       1.00572383e+00       1.00002558e+00       1.00000109e+00       1.00000050e+00
      1.87000000e-02       1.00000278e+00       1.00000470e+00       1.00001565e+00       1.00462969e+00       9.94400618e-01       9.99984268e-01       9.99952297e-01       9.93970774e-01       1.00572895e+00       1.00002562e+00       1.00000109e+00       1.00000050e+00
      1.88000000e-02       1.00000278e+00       1.00000470e+00       1.00001571e+00       1.00463489e+00       9.94392907e-01       9.99984220e-01       9.99952181e-01       9.93963781e-01       1.00573406e+00       1.00002565e+00       1.00000109e+00       1.00000050e+00
      1.89000000e-02       1.00000278e+00       1.00000471e+00       1.00001576e+00       1.00464012e+00       9.94385195e-01       9.99984172e-01       9.99952065e-01       9.93956789e-01       1.00573918e+00       1.00002569e+00       1.00000109e+00       1.00000050e+00
      1.90000000e-02       1.00000278e+00       1.00000471e+00       1.00001582e+00       1.00464536e+00       9.94377485e-01       9.99984124e-01       9.99951948e-01       9.93949799e-01       1.00574431e+00       1.00002573e+00       1.00000110e+00       1.00000050e+00
      1.91000000e-02       1.00000278e+00       1.00000472e+00       1.00001587e+00       1.00465062e+00       9.94369779e-01       9.99984075e-01       9.99951831e-01       9.93942809e-01       1.00574947e+00       1.00002577e+00       1.00000110e+00       1.00000050e+00
      1.92000000e-02       1.00000278e+00       1.00000472e+00       1.00001593e+00       1.00465588e+00       9.94362077e-01       9.99984027e-01       9.99951713e-01       9.93935819e-01       1.00575465e+00       1.00002580e+00       1.00000110e+00       1.00000050e+00
      1.93000000e-02       1.00000278e+00       1.00000473e+00       1.00001599e+00       1.00466115e+00       9.94354378e-01       9.99983978e-01       9.99951596e-01       9.93928829e-01       1.00575986e+00       1.00002584e+00       1.00000110e+00       1.00000050e+00
      1.94000000e-02       1.00000278e+00       1.00000474e+00       1.00001604e+00       1.00466641e+00       9.94346681e-01       9.99983929e-01       9.99951478e-01       9.93921839e-01       1.00576508e+00       1.00002588e+00       1.00000110e+00       1.00000050e+00
      1.95000000e-02       1.00000278e+00       1.00000474e+00       1.00001610e+00       1.00467168e+00       9.94338985e-01       9.99983881e-01       9.99951360e-01       9.93914848e-01       1.00577031e+00       1.00002591e+00       1.00000110e+00       1.00000050e+00
      1.96000000e-02       1.00000278e+00       1.00000475e+00       1.00001616e+00       1.00467694e+00       9.94331288e-01       9.99983832e-01       9.99951242e-01       9.93907857e-01       1.00577554e+00       1.00002595e+00       1.00000110e+00       1.00000050e+00
      1.97000000e-02       1.00000278e+00       1.00000475e+00       1.00001621e+00       1.00468220e+00       9.94323590e-01       9.99983783e-01       9.99951124e-01       9.93900866e-01       1.00578078e+00       1.00002599e+00       1.00000110e+00       1.00000050e+00
      1.98000000e-02       1.00000278e+00       1.00000476e+00       1.00001627e+00       1.00468745e+00       9.94315890e-01       9.99983733e-01       9.99951005e-01       9.93893874e-01       1.00578602e+00       1.00002602e+00       1.00000111e+00       1.00000050e+00
      1.99000000e-02       1.00000278e+00       1.00000476e+00       1.00001633e+00       1.00469270e+00       9.94308188e-01       9.99983684e-01       9.99950886e-01       9.93886880e-01       1.00579126e+00       1.00002606e+00       1.00000111e+00       1.00000050e+00
      2.00000000e-02       1.00000278e+00       1.00000477e+00       1.00001638e+00       1.00469793e+00       9.94300482e-01       9.99983634e-01       9.99950767e-01       9.93879886e-01       1.00579649e+00       1.00002609e+00       1.00000111e+00       1.00000050e+00
      2.01000000e-02       1.00000278e+00       1.00000477e+00       1.00001644e+00       1.00470315e+00       9.94292773e-01       9.99983585e-01       9.99950647e-01       9.93872890e-01       1.00580172e+00       1.00002613e+00       1.00000111e+00       1.00000050e+00
      2.02000000e-02       1.00000278e+00       1.00000478e+00       1.00001650e+00       1.00470835e+00       9.94285060e-01       9.99983535e-01       9.99950528e-01       9.93865893e-01       1.00580695e+00       1.00002617e+00       1.00000111e+00       1.00000050e+00
      2.03000000e-02       1.00000278e+00       1.00000478e+00       1.00001656e+00       1.00471353e+00       9.94277343e-01       9.99983485e-01       9.99950408e-01       9.93858894e-01       1.00581217e+00       1.00002620e+00       1.00000111e+00       1.00000050e+00
      2.04000000e-02       1.00000278e+00       1.00000479e+00       1.00001662e+00       1.00471869e+00       9.94269621e-01       9.99983435e-01       9.99950288e-01       9.93851892e-01       1.00581738e+00       1.00002624e+00       1.00000111e+00       1.00000050e+00
      2.05000000e-02       1.00000278e+00       1.00000479e+00       1.00001668e+00       1.00472383e+00       9.94261893e-01       9.99983385e-01       9.99950167e-01       9.93844887e-01       1.00582258e+00       1.00002627e+00       1.00000111e+00       1.00000050e+00
      2.06000000e-02       1.00000278e+00       1.00000480e+00       1.00001673e+00       1.00472894e+00       9.94254158e-01       9.99983335e-01       9.99950047e-01       9.93837879e-01       1.00582778e+00       1.00002631e+00       1.00000111e+00       1.00000050e+00
      2.07000000e-02       1.00000278e+00       1.00000480e+00       1.00001679e+00       1.00473402e+00       9.94246414e-01       9.99983285e-01       9.99949926e-01       9.93830867e-01       1.00583297e+00       1.00002634e+00       1.00000112e+00       1.00000050e+00
      2.08000000e-02       1.00000278e+00       1.00000481e+00       1.00001685e+00       1.00473906e+00       9.94238651e-01       9.99983234e-01       9.99949804e-01       9.93823849e-01       1.00583814e+00       1.00002638e+00       1.00000112e+00       1.00000050e+00
      2.09000000e-02       1.00000278e+00       1.00000482e+00       1.00001691e+00       1.00474405e+00       9.94230847e-01       9.99983184e-01       9.99949683e-01       9.93816822e-01       1.00584329e+00       1.00002641e+00       1.00000112e+00       1.00000050e+00
      2.10000000e-02       1.00000614e+00       1.00000827e+00       1.00002027e+00       1.00475258e+00       9.94223504e-01       9.99983133e-01       9.99949561e-01       9.93809845e-01       1.00585124e+00       1.00002883e+00       1.00000351e+00       1.00000288e+00
      2.11000000e-02       1.00000614e+00       1.00000827e+00       1.00002033e+00       1.00475808e+00       9.94216598e-01       9.99983082e-01       9.99949440e-01       9.93803008e-01       1.00585747e+00       1.00002886e+00       1.00000351e+00       1.00000288e+00
      2.12000000e-02       1.00000614e+00       1.00000828e+00       1.00002039e+00       1.00476392e+00       9.94209705e-01       9.99983031e-01       9.99949317e-01       9.93796177e-01       1.00586375e+00       1.00002889e+00       1.00000351e+00       1.00000288e+00
      2.13000000e-02       1.00000614e+00       1.00000829e+00       1.00002045e+00       1.00476997e+00       9.94202819e-01       9.99982980e-01       9.99949195e-01       9.93789348e-01       1.00587007e+00       1.00002894e+00       1.00000352e+00       1.00000289e+00
      2.14000000e-02       1.00000620e+00       1.00000835e+00       1.00002057e+00       1.00477475e+00       9.94195795e-01       9.99982929e-01       9.99949073e-01       9.93782479e-01       1.00587585e+00       1.00002908e+00       1.00000363e+00       1.00000300e+00
      2.15000000e-02       1.00000620e+00       1.00000836e+00       1.00002063e+00       1.00477816e+00       9.94188643e-01       9.99982877e-01       9.99948950e-01       9.93775570e-01       1.00588086e+00       1.00002912e+00       1.00000364e+00       1.00000300e+00
      2.16000000e-02       1.11818107e+04       1.12171407e+04       1.11686103e+04       1.10538570e+04       9.94211012e-01       1.00000975e+00       9.99975888e-01       9.93800874e-01       7.98763130e+05       7.86600551e+05       7.93279044e+05       7.90142007e+05
