      0.00000000e+00       1.00000000e+00       1.00000000e+00       1.00000000e+00       1.00000000e+00       1.00000000e+00       1.00000000e+00
      1.00000000e-02       1.00000001e+00       9.99999984e-01       1.00000001e+00       1.00000000e+00       1.00000000e+00       1.00000000e+00
      2.00000000e-02       1.00000004e+00       9.99999938e-01       1.00000002e+00       1.00000000e+00       1.00000000e+00       1.00000000e+00
      3.00000000e-02       1.00000009e+00       9.99999860e-01       1.00000005e+00       1.00000000e+00       1.00000000e+00       1.00000000e+00
      4.00000000e-02       1.00000016e+00       9.99999751e-01       1.00000009e+00       1.00000000e+00       1.00000000e+00       1.00000000e+00
      5.00000000e-02       1.00000024e+00       9.99999611e-01       1.00000015e+00       1.00000000e+00       1.00000000e+00       1.00000000e+00
      6.00000000e-02       1.00000035e+00       9.99999439e-01       1.00000021e+00       1.00000000e+00       1.00000000e+00       9.99999999e-01
      7.00000000e-02       1.00000048e+00       9.99999237e-01       1.00000029e+00       1.00000000e+00       1.00000000e+00       9.99999999e-01
      8.00000000e-02       1.00000062e+00       9.99999004e-01       1.00000037e+00       1.00000000e+00       1.00000000e+00       9.99999999e-01
      9.00000000e-02       1.00000079e+00       9.99998740e-01       1.00000047e+00       9.99999999e-01       1.00000000e+00       9.99999999e-01
      1.00000000e-01       1.00000097e+00       9.99998445e-01       1.00000058e+00       9.99999999e-01       1.00000000e+00       9.99999998e-01
      1.10000000e-01       1.00000117e+00       9.99998120e-01       1.00000071e+00       9.99999999e-01       1.00000000e+00       9.99999998e-01
      1.20000000e-01       1.00000140e+00       9.99997763e-01       1.00000084e+00       9.99999998e-01       1.00000000e+00       9.99999997e-01
      1.30000000e-01       1.00000164e+00       9.99997376e-01       1.00000098e+00       9.99999997e-01       1.00000001e+00       9.99999996e-01
      1.40000000e-01       1.00000190e+00       9.99996959e-01       1.00000114e+00       9.99999996e-01       1.00000001e+00       9.99999995e-01
      1.50000000e-01       1.00000218e+00       9.99996511e-01       1.00000131e+00       9.99999995e-01       1.00000001e+00       9.99999994e-01
      1.60000000e-01       1.00000248e+00       9.99996033e-01       1.00000149e+00       9.99999993e-01       1.00000001e+00       9.99999993e-01
      1.70000000e-01       1.00000280e+00       9.99995524e-01       1.00000167e+00       9.99999991e-01       1.00000002e+00       9.99999991e-01
      1.80000000e-01       1.00000314e+00       9.99994986e-01       1.00000187e+00       9.99999988e-01       1.00000002e+00       9.99999989e-01
      1.90000000e-01       1.00000350e+00       9.99994417e-01       1.00000209e+00       9.99999986e-01       1.00000002e+00       9.99999986e-01
      2.00000000e-01       1.00000388e+00       9.99993819e-01       1.00000231e+00       9.99999982e-01       1.00000003e+00       9.99999984e-01
      2.10000000e-01       1.00000428e+00       9.99993191e-01       1.00000254e+00       9.99999978e-01       1.00000003e+00       9.99999980e-01
      2.20000000e-01       1.00000469e+00       9.99992533e-01       1.00000278e+00       9.99999974e-01       1.00000004e+00       9.99999977e-01
      2.30000000e-01       1.00000513e+00       9.99991846e-01       1.00000303e+00       9.99999969e-01       1.00000005e+00       9.99999972e-01
      2.40000000e-01       1.00000558e+00       9.99991130e-01       1.00000330e+00       9.99999963e-01       1.00000006e+00       9.99999967e-01
      2.50000000e-01       1.00000606e+00       9.99990385e-01       1.00000357e+00       9.99999957e-01       1.00000007e+00       9.99999962e-01
      2.60000000e-01       1.00000655e+00       9.99989610e-01       1.00000385e+00       9.99999949e-01       1.00000008e+00       9.99999955e-01
      2.70000000e-01       1.00000707e+00       9.99988807e-01       1.00000414e+00       9.99999941e-01       1.00000009e+00       9.99999948e-01
      2.80000000e-01       1.00000760e+00       9.99987976e-01       1.00000444e+00       9.99999932e-01       1.00000011e+00       9.99999941e-01
      2.90000000e-01       1.00000815e+00       9.99987116e-01       1.00000476e+00       9.99999922e-01       1.00000012e+00       9.99999932e-01
      3.00000000e-01       1.00000872e+00       9.99986228e-01       1.00000508e+00       9.99999910e-01       1.00000014e+00       9.99999922e-01
      3.10000000e-01       1.00000931e+00       9.99985311e-01       1.00000541e+00       9.99999898e-01       1.00000016e+00       9.99999912e-01
      3.20000000e-01       1.00000992e+00       9.99984368e-01       1.00000574e+00       9.99999884e-01       1.00000018e+00       9.99999900e-01
      3.30000000e-01       1.00001055e+00       9.99983396e-01       1.00000609e+00       9.99999869e-01       1.00000021e+00       9.99999887e-01
      3.40000000e-01       1.00001120e+00       9.99982397e-01       1.00000645e+00       9.99999853e-01       1.00000023e+00       9.99999873e-01
      3.50000000e-01       1.00001186e+00       9.99981371e-01       1.00000681e+00       9.99999836e-01       1.00000026e+00       9.99999857e-01
      3.60000000e-01       1.00001255e+00       9.99980319e-01       1.00000718e+00       9.99999816e-01       1.00000029e+00       9.99999840e-01
      3.70000000e-01       1.00001326e+00       9.99979239e-01       1.00000756e+00       9.99999796e-01       1.00000032e+00       9.99999822e-01
      3.80000000e-01       1.00001398e+00       9.99978133e-01       1.00000795e+00       9.99999773e-01       1.00000036e+00       9.99999802e-01
      3.90000000e-01       1.00001472e+00       9.99977001e-01       1.00000835e+00       9.99999749e-01       1.00000040e+00       9.99999781e-01
      4.00000000e-01       1.00001549e+00       9.99975843e-01       1.00000875e+00       9.99999723e-01       1.00000044e+00       9.99999758e-01
      4.10000000e-01       1.00001627e+00       9.99974660e-01       1.00000916e+00       9.99999695e-01       1.00000048e+00       9.99999733e-01
      4.20000000e-01       1.00001707e+00       9.99973451e-01       1.00000957e+00       9.99999666e-01       1.00000053e+00       9.99999706e-01
      4.30000000e-01       1.00001789e+00       9.99972216e-01       1.00001000e+00       9.99999634e-01       1.00000058e+00       9.99999677e-01
      4.40000000e-01       1.00001873e+00       9.99970957e-01       1.00001043e+00       9.99999600e-01       1.00000064e+00       9.99999646e-01
      4.50000000e-01       1.00001959e+00       9.99969674e-01       1.00001086e+00       9.99999564e-01       1.00000070e+00       9.99999612e-01
      4.60000000e-01       1.00002047e+00       9.99968366e-01       1.00001130e+00       9.99999525e-01       1.00000076e+00       9.99999577e-01
      4.70000000e-01       1.00002136e+00       9.99967034e-01       1.00001175e+00       9.99999485e-01       1.00000083e+00       9.99999539e-01
      4.80000000e-01       1.00002228e+00       9.99965678e-01       1.00001220e+00       9.99999441e-01       1.00000090e+00       9.99999498e-01
      4.90000000e-01       1.00002321e+00       9.99964299e-01       1.00001266e+00       9.99999396e-01       1.00000097e+00       9.99999455e-01
      5.00000000e-01       1.00002417e+00       9.99962896e-01       1.00001313e+00       9.99999347e-01       1.00000105e+00       9.99999409e-01
      5.10000000e-01       1.00002514e+00       9.99961471e-01       1.00001359e+00       9.99999296e-01       1.00000114e+00       9.99999360e-01
      5.20000000e-01       1.00002613e+00       9.99960023e-01       1.00001407e+00       9.99999243e-01       1.00000123e+00       9.99999308e-01
      5.30000000e-01       1.00002714e+00       9.99958553e-01       1.00001454e+00       9.99999186e-01       1.00000132e+00       9.99999253e-01
      5.40000000e-01       1.00002817e+00       9.99957060e-01       1.00001502e+00       9.99999127e-01       1.00000142e+00       9.99999195e-01
      5.50000000e-01       1.00002922e+00       9.99955546e-01       1.00001551e+00       9.99999064e-01       1.00000153e+00       9.99999133e-01
      5.60000000e-01       1.00003029e+00       9.99954011e-01       1.00001600e+00       9.99998999e-01       1.00000164e+00       9.99999068e-01
      5.70000000e-01       1.00003138e+00       9.99952455e-01       1.00001649e+00       9.99998930e-01       1.00000175e+00       9.99999000e-01
      5.80000000e-01       1.00003248e+00       9.99950878e-01       1.00001698e+00       9.99998858e-01       1.00000187e+00       9.99998927e-01
      5.90000000e-01       1.00003360e+00       9.99949281e-01       1.00001748e+00       9.99998783e-01       1.00000200e+00       9.99998851e-01
      6.00000000e-01       1.00003475e+00       9.99947663e-01       1.00001798e+00       9.99998705e-01       1.00000214e+00       9.99998770e-01
      6.10000000e-01       1.00003591e+00       9.99946026e-01       1.00001848e+00       9.99998623e-01       1.00000228e+00       9.99998686e-01
      6.20000000e-01       1.00003709e+00       9.99944369e-01       1.00001898e+00       9.99998538e-01       1.00000242e+00       9.99998597e-01
      6.30000000e-01       1.00003829e+00       9.99942693e-01       1.00001949e+00       9.99998449e-01       1.00000258e+00       9.99998503e-01
      6.40000000e-01       1.00003951e+00       9.99940999e-01       1.00001999e+00       9.99998357e-01       1.00000274e+00       9.99998405e-01
      6.50000000e-01       1.00004074e+00       9.99939286e-01       1.00002050e+00       9.99998261e-01       1.00000291e+00       9.99998302e-01
      6.60000000e-01       1.00004200e+00       9.99937555e-01       1.00002101e+00       9.99998161e-01       1.00000308e+00       9.99998195e-01
      6.70000000e-01       1.00004327e+00       9.99935806e-01       1.00002151e+00       9.99998058e-01       1.00000326e+00       9.99998082e-01
      6.80000000e-01       1.00004457e+00       9.99934040e-01       1.00002202e+00       9.99997950e-01       1.00000346e+00       9.99997963e-01
      6.90000000e-01       1.00004588e+00       9.99932256e-01       1.00002253e+00       9.99997839e-01       1.00000365e+00       9.99997840e-01
      7.00000000e-01       1.00004721e+00       9.99930456e-01       1.00002304e+00       9.99997724e-01       1.00000386e+00       9.99997711e-01
      7.10000000e-01       1.00004856e+00       9.99928640e-01       1.00002355e+00       9.99997605e-01       1.00000407e+00       9.99997576e-01
      7.20000000e-01       1.00004993e+00       9.99926807e-01       1.00002405e+00       9.99997482e-01       1.00000430e+00       9.99997435e-01
      7.30000000e-01       1.00005131e+00       9.99924959e-01       1.00002456e+00       9.99997355e-01       1.00000453e+00       9.99997288e-01
      7.40000000e-01       1.00005272e+00       9.99923095e-01       1.00002506e+00       9.99997224e-01       1.00000477e+00       9.99997135e-01
      7.50000000e-01       1.00005414e+00       9.99921216e-01       1.00002556e+00       9.99997089e-01       1.00000502e+00       9.99996975e-01
      7.60000000e-01       1.00005558e+00       9.99919323e-01       1.00002606e+00       9.99996949e-01       1.00000527e+00       9.99996809e-01
      7.70000000e-01       1.00005704e+00       9.99917415e-01       1.00002656e+00       9.99996806e-01       1.00000554e+00       9.99996636e-01
      7.80000000e-01       1.00005852e+00       9.99915493e-01       1.00002705e+00       9.99996658e-01       1.00000582e+00       9.99996456e-01
      7.90000000e-01       1.00006002e+00       9.99913558e-01       1.00002754e+00       9.99996506e-01       1.00000610e+00       9.99996269e-01
      8.00000000e-01       1.00006154e+00       9.99911609e-01       1.00002803e+00       9.99996350e-01       1.00000640e+00       9.99996074e-01
      8.10000000e-01       1.00006307e+00       9.99909647e-01       1.00002852e+00       9.99996189e-01       1.00000670e+00       9.99995872e-01
      8.20000000e-01       1.00006462e+00       9.99907673e-01       1.00002900e+00       9.99996025e-01       1.00000702e+00       9.99995662e-01
      8.30000000e-01       1.00006619e+00       9.99905686e-01       1.00002948e+00       9.99995856e-01       1.00000734e+00       9.99995444e-01
      8.40000000e-01       1.00006778e+00       9.99903687e-01       1.00002995e+00       9.99995683e-01       1.00000768e+00       9.99995218e-01
      8.50000000e-01       1.00006939e+00       9.99901677e-01       1.00003042e+00       9.99995505e-01       1.00000802e+00       9.99994984e-01
      8.60000000e-01       1.00007102e+00       9.99899656e-01       1.00003088e+00       9.99995323e-01       1.00000838e+00       9.99994741e-01
      8.70000000e-01       1.00007266e+00       9.99897623e-01       1.00003134e+00       9.99995137e-01       1.00000875e+00       9.99994489e-01
      8.80000000e-01       1.00007433e+00       9.99895580e-01       1.00003179e+00       9.99994947e-01       1.00000913e+00       9.99994228e-01
      8.90000000e-01       1.00007601e+00       9.99893526e-01       1.00003224e+00       9.99994752e-01       1.00000951e+00       9.99993959e-01
      9.00000000e-01       1.00007771e+00       9.99891463e-01       1.00003268e+00       9.99994554e-01       1.00000992e+00       9.99993679e-01
      9.10000000e-01       1.00007942e+00       9.99889390e-01       1.00003312e+00       9.99994351e-01       1.00001033e+00       9.99993391e-01
      9.20000000e-01       1.00008116e+00       9.99887308e-01       1.00003355e+00       9.99994143e-01       1.00001075e+00       9.99993092e-01
      9.30000000e-01       1.00008291e+00       9.99885216e-01       1.00003397e+00       9.99993932e-01       1.00001119e+00       9.99992783e-01
      9.40000000e-01       1.00008468e+00       9.99883117e-01       1.00003438e+00       9.99993717e-01       1.00001163e+00       9.99992465e-01
      9.50000000e-01       1.00008647e+00       9.99881008e-01       1.00003479e+00       9.99993497e-01       1.00001209e+00       9.99992135e-01
      9.60000000e-01       1.00008828e+00       9.99878892e-01       1.00003519e+00       9.99993274e-01       1.00001256e+00       9.99991795e-01
      9.70000000e-01       1.00009011e+00       9.99876768e-01       1.00003558e+00       9.99993046e-01       1.00001305e+00       9.99991444e-01
      9.80000000e-01       1.00009195e+00       9.99874637e-01       1.00003597e+00       9.99992815e-01       1.00001354e+00       9.99991082e-01
      9.90000000e-01       1.00009381e+00       9.99872499e-01       1.00003635e+00       9.99992580e-01       1.00001405e+00       9.99990709e-01
      1.00000000e+00       1.00009569e+00       9.99870354e-01       1.00003672e+00       9.99992341e-01       1.00001457e+00       9.99990324e-01
      1.01000000e+00       1.00009759e+00       9.99868203e-01       1.00003708e+00       9.99992098e-01       1.00001510e+00       9.99989928e-01
      1.02000000e+00       1.00009951e+00       9.99866045e-01       1.00003743e+00       9.99991851e-01       1.00001565e+00       9.99989519e-01
      1.03000000e+00       1.00010144e+00       9.99863882e-01       1.00003777e+00       9.99991601e-01       1.00001621e+00       9.99989098e-01
      1.04000000e+00       1.00010339e+00       9.99861713e-01       1.00003810e+00       9.99991347e-01       1.00001678e+00       9.99988664e-01
      1.05000000e+00       1.00010536e+00       9.99859539e-01       1.00003842e+00       9.99991090e-01       1.00001736e+00       9.99988218e-01
      1.06000000e+00       1.00010735e+00       9.99857360e-01       1.00003874e+00       9.99990830e-01       1.00001796e+00       9.99987759e-01
      1.07000000e+00       1.00010936e+00       9.99855177e-01       1.00003904e+00       9.99990566e-01       1.00001857e+00       9.99987287e-01
      1.08000000e+00       1.00011138e+00       9.99852989e-01       1.00003933e+00       9.99990299e-01       1.00001920e+00       9.99986801e-01
      1.09000000e+00       1.00011342e+00       9.99850797e-01       1.00003962e+00       9.99990029e-01       1.00001983e+00       9.99986302e-01
      1.10000000e+00       1.00011548e+00       9.99848601e-01       1.00003989e+00       9.99989755e-01       1.00002048e+00       9.99985788e-01
      1.11000000e+00       1.00011755e+00       9.99846402e-01       1.00004015e+00       9.99989479e-01       1.00002115e+00       9.99985261e-01
      1.12000000e+00       1.00011965e+00       9.99844199e-01       1.00004040e+00       9.99989201e-01       1.00002183e+00       9.99984719e-01
      1.13000000e+00       1.00012176e+00       9.99841994e-01       1.00004064e+00       9.99988919e-01       1.00002252e+00       9.99984163e-01
      1.14000000e+00       1.00012389e+00       9.99839786e-01       1.00004087e+00       9.99988635e-01       1.00002322e+00       9.99983591e-01
      1.15000000e+00       1.00012604e+00       9.99837575e-01       1.00004109e+00       9.99988348e-01       1.00002394e+00       9.99983005e-01
      1.16000000e+00       1.00012820e+00       9.99835363e-01       1.00004130e+00       9.99988060e-01       1.00002468e+00       9.99982403e-01
      1.17000000e+00       1.00013038e+00       9.99833148e-01       1.00004149e+00       9.99987769e-01       1.00002542e+00       9.99981786e-01
      1.18000000e+00       1.00013258e+00       9.99830932e-01       1.00004167e+00       9.99987476e-01       1.00002619e+00       9.99981153e-01
      1.19000000e+00       1.00013480e+00       9.99828714e-01       1.00004184e+00       9.99987181e-01       1.00002696e+00       9.99980504e-01
      1.20000000e+00       1.00013703e+00       9.99826495e-01       1.00004200e+00       9.99986884e-01       1.00002775e+00       9.99979838e-01
      1.21000000e+00       1.00013928e+00       9.99824275e-01       1.00004215e+00       9.99986585e-01       1.00002855e+00       9.99979156e-01
      1.22000000e+00       1.00014155e+00       9.99822055e-01       1.00004228e+00       9.99986286e-01       1.00002937e+00       9.99978458e-01
      1.23000000e+00       1.00014384e+00       9.99819834e-01       1.00004240e+00       9.99985984e-01       1.00003020e+00       9.99977742e-01
      1.24000000e+00       1.00014614e+00       9.99817613e-01       1.00004251e+00       9.99985682e-01       1.00003105e+00       9.99977009e-01
      1.25000000e+00       1.00014846e+00       9.99815391e-01       1.00004260e+00       9.99985378e-01       1.00003190e+00       9.99976259e-01
      1.26000000e+00       1.00015080e+00       9.99813170e-01       1.00004269e+00       9.99985074e-01       1.00003278e+00       9.99975490e-01
      1.27000000e+00       1.00015316e+00       9.99810950e-01       1.00004276e+00       9.99984769e-01       1.00003366e+00       9.99974704e-01
      1.28000000e+00       1.00015553e+00       9.99808730e-01       1.00004281e+00       9.99984463e-01       1.00003457e+00       9.99973900e-01
      1.29000000e+00       1.00015792e+00       9.99806510e-01       1.00004285e+00       9.99984157e-01       1.00003548e+00       9.99973077e-01
      1.30000000e+00       1.00016033e+00       9.99804292e-01       1.00004288e+00       9.99983851e-01       1.00003641e+00       9.99972236e-01
      1.31000000e+00       1.00016275e+00       9.99802075e-01       1.00004290e+00       9.99983545e-01       1.00003735e+00       9.99971376e-01
      1.32000000e+00       1.00016519e+00       9.99799860e-01       1.00004290e+00       9.99983239e-01       1.00003831e+00       9.99970496e-01
      1.33000000e+00       1.00016765e+00       9.99797646e-01       1.00004289e+00       9.99982933e-01       1.00003928e+00       9.99969598e-01
      1.34000000e+00       1.00017012e+00       9.99795433e-01       1.00004287e+00       9.99982627e-01       1.00004027e+00       9.99968679e-01
      1.35000000e+00       1.00017261e+00       9.99793223e-01       1.00004283e+00       9.99982323e-01       1.00004127e+00       9.99967741e-01
      1.36000000e+00       1.00017512e+00       9.99791015e-01       1.00004278e+00       9.99982019e-01       1.00004228e+00       9.99966783e-01
      1.37000000e+00       1.00017765e+00       9.99788809e-01       1.00004272e+00       9.99981716e-01       1.00004330e+00       9.99965805e-01
      1.38000000e+00       1.00018019e+00       9.99786606e-01       1.00004264e+00       9.99981415e-01       1.00004434e+00       9.99964806e-01
      1.39000000e+00       1.00018275e+00       9.99784405e-01       1.00004254e+00       9.99981115e-01       1.00004540e+00       9.99963786e-01
      1.40000000e+00       1.00018533e+00       9.99782207e-01       1.00004244e+00       9.99980816e-01       1.00004646e+00       9.99962746e-01
      1.41000000e+00       1.00018792e+00       9.99780012e-01       1.00004232e+00       9.99980520e-01       1.00004754e+00       9.99961684e-01
      1.42000000e+00       1.00019053e+00       9.99777820e-01       1.00004218e+00       9.99980225e-01       1.00004864e+00       9.99960601e-01
      1.43000000e+00       1.00019316e+00       9.99775631e-01       1.00004204e+00       9.99979933e-01       1.00004975e+00       9.99959497e-01
      1.44000000e+00       1.00019580e+00       9.99773446e-01       1.00004187e+00       9.99979643e-01       1.00005087e+00       9.99958370e-01
      1.45000000e+00       1.00019846e+00       9.99771264e-01       1.00004170e+00       9.99979355e-01       1.00005200e+00       9.99957222e-01
      1.46000000e+00       1.00020114e+00       9.99769086e-01       1.00004151e+00       9.99979071e-01       1.00005314e+00       9.99956052e-01
      1.47000000e+00       1.00020383e+00       9.99766911e-01       1.00004131e+00       9.99978789e-01       1.00005430e+00       9.99954859e-01
      1.48000000e+00       1.00020654e+00       9.99764740e-01       1.00004109e+00       9.99978511e-01       1.00005547e+00       9.99953644e-01
      1.49000000e+00       1.00020926e+00       9.99762574e-01       1.00004086e+00       9.99978236e-01       1.00005666e+00       9.99952406e-01
      1.50000000e+00       1.00021201e+00       9.99760411e-01       1.00004062e+00       9.99977965e-01       1.00005786e+00       9.99951144e-01
      1.51000000e+00       1.00021477e+00       9.99758252e-01       1.00004036e+00       9.99977698e-01       1.00005906e+00       9.99949860e-01
      1.52000000e+00       1.00021754e+00       9.99756098e-01       1.00004009e+00       9.99977434e-01       1.00006029e+00       9.99948553e-01
      1.53000000e+00       1.00022033e+00       9.99753948e-01       1.00003980e+00       9.99977175e-01       1.00006152e+00       9.99947222e-01
      1.54000000e+00       1.00022314e+00       9.99751803e-01       1.00003951e+00       9.99976920e-01       1.00006276e+00       9.99945867e-01
      1.55000000e+00       1.00022596e+00       9.99749662e-01       1.00003919e+00       9.99976670e-01       1.00006402e+00       9.99944488e-01
      1.56000000e+00       1.00022880e+00       9.99747526e-01       1.00003887e+00       9.99976425e-01       1.00006529e+00       9.99943086e-01
      1.57000000e+00       1.00023166e+00       9.99745395e-01       1.00003853e+00       9.99976185e-01       1.00006657e+00       9.99941659e-01
      1.58000000e+00       1.00023453e+00       9.99743269e-01       1.00003818e+00       9.99975950e-01       1.00006786e+00       9.99940208e-01
      1.59000000e+00       1.00023742e+00       9.99741147e-01       1.00003782e+00       9.99975720e-01       1.00006916e+00       9.99938732e-01
      1.60000000e+00       1.00024033e+00       9.99739030e-01       1.00003744e+00       9.99975497e-01       1.00007047e+00       9.99937232e-01
      1.61000000e+00       1.00024325e+00       9.99736919e-01       1.00003705e+00       9.99975279e-01       1.00007180e+00       9.99935706e-01
      1.62000000e+00       1.00024618e+00       9.99734812e-01       1.00003665e+00       9.99975067e-01       1.00007313e+00       9.99934156e-01
      1.63000000e+00       1.00024914e+00       9.99732711e-01       1.00003623e+00       9.99974861e-01       1.00007448e+00       9.99932581e-01
      1.64000000e+00       1.00025211e+00       9.99730615e-01       1.00003581e+00       9.99974662e-01       1.00007583e+00       9.99930980e-01
      1.65000000e+00       1.00025509e+00       9.99728524e-01       1.00003537e+00       9.99974469e-01       1.00007719e+00       9.99929354e-01
      1.66000000e+00       1.00025809e+00       9.99726438e-01       1.00003492e+00       9.99974283e-01       1.00007857e+00       9.99927703e-01
      1.67000000e+00       1.00026111e+00       9.99724358e-01       1.00003445e+00       9.99974104e-01       1.00007995e+00       9.99926026e-01
      1.68000000e+00       1.00026414e+00       9.99722283e-01       1.00003398e+00       9.99973933e-01       1.00008134e+00       9.99924323e-01
      1.69000000e+00       1.00026719e+00       9.99720214e-01       1.00003349e+00       9.99973768e-01       1.00008275e+00       9.99922594e-01
      1.70000000e+00       1.00027025e+00       9.99718150e-01       1.00003299e+00       9.99973612e-01       1.00008416e+00       9.99920840e-01
      1.71000000e+00       1.00027333e+00       9.99716091e-01       1.00003248e+00       9.99973463e-01       1.00008557e+00       9.99919059e-01
      1.72000000e+00       1.00027642e+00       9.99714038e-01       1.00003196e+00       9.99973322e-01       1.00008700e+00       9.99917252e-01
      1.73000000e+00       1.00027953e+00       9.99711991e-01       1.00003143e+00       9.99973189e-01       1.00008844e+00       9.99915419e-01
      1.74000000e+00       1.00028266e+00       9.99709949e-01       1.00003089e+00       9.99973064e-01       1.00008988e+00       9.99913559e-01
      1.75000000e+00       1.00028580e+00       9.99707912e-01       1.00003034e+00       9.99972948e-01       1.00009133e+00       9.99911673e-01
      1.76000000e+00       1.00028895e+00       9.99705882e-01       1.00002977e+00       9.99972840e-01       1.00009279e+00       9.99909761e-01
      1.77000000e+00       1.00029212e+00       9.99703856e-01       1.00002920e+00       9.99972741e-01       1.00009426e+00       9.99907821e-01
      1.78000000e+00       1.00029531e+00       9.99701837e-01       1.00002862e+00       9.99972651e-01       1.00009573e+00       9.99905856e-01
      1.79000000e+00       1.00029851e+00       9.99699823e-01       1.00002802e+00       9.99972570e-01       1.00009721e+00       9.99903863e-01
      1.80000000e+00       1.00030173e+00       9.99697814e-01       1.00002742e+00       9.99972499e-01       1.00009869e+00       9.99901844e-01
      1.81000000e+00       1.00030496e+00       9.99695812e-01       1.00002681e+00       9.99972436e-01       1.00010018e+00       9.99899798e-01
      1.82000000e+00       1.00030821e+00       9.99693814e-01       1.00002619e+00       9.99972384e-01       1.00010168e+00       9.99897725e-01
      1.83000000e+00       1.00031147e+00       9.99691823e-01       1.00002556e+00       9.99972340e-01       1.00010318e+00       9.99895625e-01
      1.84000000e+00       1.00031475e+00       9.99689837e-01       1.00002492e+00       9.99972307e-01       1.00010469e+00       9.99893498e-01
      1.85000000e+00       1.00031804e+00       9.99687856e-01       1.00002427e+00       9.99972283e-01       1.00010620e+00       9.99891345e-01
      1.86000000e+00       1.00032135e+00       9.99685881e-01       1.00002362e+00       9.99972270e-01       1.00010772e+00       9.99889164e-01
      1.87000000e+00       1.00032467e+00       9.99683912e-01       1.00002296e+00       9.99972267e-01       1.00010924e+00       9.99886956e-01
      1.88000000e+00       1.00032801e+00       9.99681948e-01       1.00002229e+00       9.99972274e-01       1.00011076e+00       9.99884721e-01
      1.89000000e+00       1.00033136e+00       9.99679989e-01       1.00002161e+00       9.99972291e-01       1.00011229e+00       9.99882460e-01
      1.90000000e+00       1.00033472e+00       9.99678036e-01       1.00002092e+00       9.99972319e-01       1.00011383e+00       9.99880171e-01
      1.91000000e+00       1.00033811e+00       9.99676089e-01       1.00002023e+00       9.99972357e-01       1.00011536e+00       9.99877856e-01
      1.92000000e+00       1.00034150e+00       9.99674146e-01       1.00001954e+00       9.99972406e-01       1.00011690e+00       9.99875513e-01
      1.93000000e+00       1.00034491e+00       9.99672209e-01       1.00001883e+00       9.99972466e-01       1.00011844e+00       9.99873144e-01
      1.94000000e+00       1.00034834e+00       9.99670278e-01       1.00001812e+00       9.99972537e-01       1.00011998e+00       9.99870747e-01
      1.95000000e+00       1.00035177e+00       9.99668352e-01       1.00001740e+00       9.99972619e-01       1.00012153e+00       9.99868324e-01
      1.96000000e+00       1.00035523e+00       9.99666431e-01       1.00001668e+00       9.99972711e-01       1.00012307e+00       9.99865874e-01
      1.97000000e+00       1.00035869e+00       9.99664515e-01       1.00001596e+00       9.99972815e-01       1.00012462e+00       9.99863397e-01
      1.98000000e+00       1.00036218e+00       9.99662604e-01       1.00001522e+00       9.99972930e-01       1.00012617e+00       9.99860894e-01
      1.99000000e+00       1.00036567e+00       9.99660699e-01       1.00001449e+00       9.99973056e-01       1.00012772e+00       9.99858364e-01
      2.00000000e+00       1.00036918e+00       9.99658798e-01       1.00001375e+00       9.99973194e-01       1.00012927e+00       9.99855807e-01
      2.01000000e+00       1.00037271e+00       9.99656903e-01       1.00001300e+00       9.99973343e-01       1.00013082e+00       9.99853224e-01
      2.02000000e+00       1.00037625e+00       9.99655012e-01       1.00001226e+00       9.99973503e-01       1.00013237e+00       9.99850614e-01
      2.03000000e+00       1.00037980e+00       9.99653127e-01       1.00001150e+00       9.99973674e-01       1.00013392e+00       9.99847978e-01
      2.04000000e+00       1.00038336e+00       9.99651246e-01       1.00001075e+00       9.99973857e-01       1.00013547e+00       9.99845316e-01
      2.05000000e+00       1.00038694e+00       9.99649370e-01       1.00000999e+00       9.99974052e-01       1.00013701e+00       9.99842628e-01
      2.06000000e+00       1.00039054e+00       9.99647499e-01       1.00000923e+00       9.99974258e-01       1.00013856e+00       9.99839914e-01
      2.07000000e+00       1.00039415e+00       9.99645632e-01       1.00000847e+00       9.99974475e-01       1.00014010e+00       9.99837174e-01
      2.08000000e+00       1.00039777e+00       9.99643771e-01       1.00000771e+00       9.99974704e-01       1.00014164e+00       9.99834409e-01
      2.09000000e+00       1.00040140e+00       9.99641914e-01       1.00000694e+00       9.99974944e-01       1.00014318e+00       9.99831617e-01
      2.10000000e+00       1.00040505e+00       9.99640061e-01       1.00000618e+00       9.99975196e-01       1.00014472e+00       9.99828801e-01
      2.11000000e+00       1.00040871e+00       9.99638213e-01       1.00000541e+00       9.99975460e-01       1.00014625e+00       9.99825958e-01
      2.12000000e+00       1.00041239e+00       9.99636369e-01       1.00000464e+00       9.99975734e-01       1.00014778e+00       9.99823091e-01
      2.13000000e+00       1.00041608e+00       9.99634529e-01       1.00000387e+00       9.99976021e-01       1.00014930e+00       9.99820199e-01
      2.14000000e+00       1.00041978e+00       9.99632694e-01       1.00000311e+00       9.99976318e-01       1.00015082e+00       9.99817282e-01
      2.15000000e+00       1.00042349e+00       9.99630863e-01       1.00000234e+00       9.99976627e-01       1.00015234e+00       9.99814340e-01
      2.16000000e+00       1.00042722e+00       9.99629036e-01       1.00000157e+00       9.99976948e-01       1.00015385e+00       9.99811374e-01
      2.17000000e+00       1.00043096e+00       9.99627213e-01       1.00000080e+00       9.99977279e-01       1.00015536e+00       9.99808383e-01
      2.18000000e+00       1.00043472e+00       9.99625394e-01       1.00000004e+00       9.99977622e-01       1.00015686e+00       9.99805368e-01
      2.19000000e+00       1.00043849e+00       9.99623579e-01       9.99999276e-01       9.99977976e-01       1.00015835e+00       9.99802330e-01
      2.20000000e+00       1.00044227e+00       9.99621768e-01       9.99998515e-01       9.99978342e-01       1.00015984e+00       9.99799267e-01
      2.21000000e+00       1.00044606e+00       9.99619961e-01       9.99997756e-01       9.99978718e-01       1.00016132e+00       9.99796181e-01
      2.22000000e+00       1.00044987e+00       9.99618157e-01       9.99997000e-01       9.99979105e-01       1.00016280e+00       9.99793072e-01
      2.23000000e+00       1.00045369e+00       9.99616357e-01       9.99996247e-01       9.99979503e-01       1.00016427e+00       9.99789940e-01
      2.24000000e+00       1.00045752e+00       9.99614560e-01       9.99995496e-01       9.99979912e-01       1.00016573e+00       9.99786785e-01
      2.25000000e+00       1.00046137e+00       9.99612767e-01       9.99994750e-01       9.99980332e-01       1.00016718e+00       9.99783607e-01
      2.26000000e+00       1.00046522e+00       9.99610978e-01       9.99994007e-01       9.99980762e-01       1.00016863e+00       9.99780407e-01
      2.27000000e+00       1.00046909e+00       9.99609191e-01       9.99993268e-01       9.99981202e-01       1.00017006e+00       9.99777185e-01
      2.28000000e+00       1.00047297e+00       9.99607408e-01       9.99992534e-01       9.99981653e-01       1.00017149e+00       9.99773941e-01
      2.29000000e+00       1.00047687e+00       9.99605628e-01       9.99991805e-01       9.99982114e-01       1.00017291e+00       9.99770675e-01
      2.30000000e+00       1.00048078e+00       9.99603851e-01       9.99991080e-01       9.99982586e-01       1.00017432e+00       9.99767388e-01
      2.31000000e+00       1.00048470e+00       9.99602077e-01       9.99990361e-01       9.99983067e-01       1.00017572e+00       9.99764080e-01
      2.32000000e+00       1.00048863e+00       9.99600306e-01       9.99989648e-01       9.99983558e-01       1.00017711e+00       9.99760751e-01
      2.33000000e+00       1.00049257e+00       9.99598538e-01       9.99988941e-01       9.99984059e-01       1.00017849e+00       9.99757401e-01
      2.34000000e+00       1.00049653e+00       9.99596773e-01       9.99988240e-01       9.99984570e-01       1.00017986e+00       9.99754032e-01
      2.35000000e+00       1.00050049e+00       9.99595010e-01       9.99987546e-01       9.99985090e-01       1.00018122e+00       9.99750642e-01
      2.36000000e+00       1.00050447e+00       9.99593250e-01       9.99986858e-01       9.99985619e-01       1.00018257e+00       9.99747233e-01
      2.37000000e+00       1.00050846e+00       9.99591492e-01       9.99986178e-01       9.99986157e-01       1.00018391e+00       9.99743804e-01
      2.38000000e+00       1.00051247e+00       9.99589737e-01       9.99985506e-01       9.99986704e-01       1.00018523e+00       9.99740357e-01
      2.39000000e+00       1.00051648e+00       9.99587984e-01       9.99984841e-01       9.99987260e-01       1.00018655e+00       9.99736890e-01
      2.40000000e+00       1.00052051e+00       9.99586234e-01       9.99984184e-01       9.99987825e-01       1.00018785e+00       9.99733406e-01
      2.41000000e+00       1.00052454e+00       9.99584485e-01       9.99983535e-01       9.99988398e-01       1.00018914e+00       9.99729903e-01
      2.42000000e+00       1.00052859e+00       9.99582739e-01       9.99982895e-01       9.99988979e-01       1.00019041e+00       9.99726382e-01
      2.43000000e+00       1.00053265e+00       9.99580995e-01       9.99982264e-01       9.99989568e-01       1.00019168e+00       9.99722844e-01
      2.44000000e+00       1.00053672e+00       9.99579252e-01       9.99981642e-01       9.99990165e-01       1.00019293e+00       9.99719289e-01
      2.45000000e+00       1.00054081e+00       9.99577512e-01       9.99981030e-01       9.99990770e-01       1.00019416e+00       9.99715717e-01
      2.46000000e+00       1.00054490e+00       9.99575773e-01       9.99980427e-01       9.99991382e-01       1.00019539e+00       9.99712129e-01
      2.47000000e+00       1.00054901e+00       9.99574036e-01       9.99979834e-01       9.99992002e-01       1.00019660e+00       9.99708525e-01
      2.48000000e+00       1.00055312e+00       9.99572300e-01       9.99979252e-01       9.99992628e-01       1.00019779e+00       9.99704905e-01
      2.49000000e+00       1.00055725e+00       9.99570566e-01       9.99978680e-01       9.99993261e-01       1.00019897e+00       9.99701270e-01
      2.50000000e+00       1.00056139e+00       9.99568833e-01       9.99978119e-01       9.99993901e-01       1.00020014e+00       9.99697619e-01
      2.51000000e+00       1.00056554e+00       9.99567102e-01       9.99977568e-01       9.99994547e-01       1.00020129e+00       9.99693955e-01
      2.52000000e+00       1.00056970e+00       9.99565372e-01       9.99977029e-01       9.99995199e-01       1.00020243e+00       9.99690275e-01
      2.53000000e+00       1.00057387e+00       9.99563643e-01       9.99976501e-01       9.99995858e-01       1.00020355e+00       9.99686582e-01
      2.54000000e+00       1.00057805e+00       9.99561915e-01       9.99975985e-01       9.99996521e-01       1.00020466e+00       9.99682876e-01
      2.55000000e+00       1.00058224e+00       9.99560188e-01       9.99975481e-01       9.99997191e-01       1.00020575e+00       9.99679156e-01
      2.56000000e+00       1.00058644e+00       9.99558461e-01       9.99974989e-01       9.99997865e-01       1.00020682e+00       9.99675424e-01
      2.57000000e+00       1.00059065e+00       9.99556736e-01       9.99974509e-01       9.99998545e-01       1.00020788e+00       9.99671679e-01
      2.58000000e+00       1.00059488e+00       9.99555011e-01       9.99974042e-01       9.99999229e-01       1.00020892e+00       9.99667923e-01
      2.59000000e+00       1.00059911e+00       9.99553287e-01       9.99973588e-01       9.99999918e-01       1.00020995e+00       9.99664155e-01
      2.60000000e+00       1.00060335e+00       9.99551563e-01       9.99973146e-01       1.00000061e+00       1.00021096e+00       9.99660375e-01
      2.61000000e+00       1.00060760e+00       9.99549840e-01       9.99972718e-01       1.00000131e+00       1.00021195e+00       9.99656585e-01
      2.62000000e+00       1.00061186e+00       9.99548117e-01       9.99972303e-01       1.00000201e+00       1.00021292e+00       9.99652785e-01
      2.63000000e+00       1.00061614e+00       9.99546395e-01       9.99971901e-01       1.00000271e+00       1.00021388e+00       9.99648974e-01
      2.64000000e+00       1.00062042e+00       9.99544672e-01       9.99971513e-01       1.00000342e+00       1.00021482e+00       9.99645154e-01
      2.65000000e+00       1.00062471e+00       9.99542949e-01       9.99971139e-01       1.00000413e+00       1.00021575e+00       9.99641325e-01
      2.66000000e+00       1.00062901e+00       9.99541227e-01       9.99970780e-01       1.00000484e+00       1.00021665e+00       9.99637487e-01
      2.67000000e+00       1.00063332e+00       9.99539504e-01       9.99970434e-01       1.00000556e+00       1.00021754e+00       9.99633640e-01
      2.68000000e+00       1.00063764e+00       9.99537781e-01       9.99970103e-01       1.00000628e+00       1.00021841e+00       9.99629786e-01
      2.69000000e+00       1.00064197e+00       9.99536058e-01       9.99969786e-01       1.00000699e+00       1.00021927e+00       9.99625924e-01
      2.70000000e+00       1.00064631e+00       9.99534334e-01       9.99969484e-01       1.00000772e+00       1.00022010e+00       9.99622055e-01
      2.71000000e+00       1.00065066e+00       9.99532610e-01       9.99969196e-01       1.00000844e+00       1.00022092e+00       9.99618179e-01
      2.72000000e+00       1.00065502e+00       9.99530885e-01       9.99968924e-01       1.00000916e+00       1.00022172e+00       9.99614297e-01
      2.73000000e+00       1.00065938e+00       9.99529160e-01       9.99968666e-01       1.00000989e+00       1.00022250e+00       9.99610409e-01
      2.74000000e+00       1.00066376e+00       9.99527434e-01       9.99968424e-01       1.00001061e+00       1.00022326e+00       9.99606516e-01
      2.75000000e+00       1.00066814e+00       9.99525706e-01       9.99968197e-01       1.00001134e+00       1.00022400e+00       9.99602618e-01
      2.76000000e+00       1.00067253e+00       9.99523978e-01       9.99967985e-01       1.00001206e+00       1.00022473e+00       9.99598714e-01
      2.77000000e+00       1.00067694e+00       9.99522249e-01       9.99967789e-01       1.00001279e+00       1.00022543e+00       9.99594807e-01
      2.78000000e+00       1.00068135e+00       9.99520518e-01       9.99967608e-01       1.00001351e+00       1.00022612e+00       9.99590896e-01
      2.79000000e+00       1.00068576e+00       9.99518786e-01       9.99967443e-01       1.00001424e+00       1.00022679e+00       9.99586981e-01
      2.80000000e+00       1.00069019e+00       9.99517053e-01       9.99967294e-01       1.00001496e+00       1.00022744e+00       9.99583064e-01
      2.81000000e+00       1.00069463e+00       9.99515319e-01       9.99967161e-01       1.00001568e+00       1.00022807e+00       9.99579144e-01
      2.82000000e+00       1.00069907e+00       9.99513582e-01       9.99967043e-01       1.00001640e+00       1.00022868e+00       9.99575222e-01
      2.83000000e+00       1.00070352e+00       9.99511844e-01       9.99966941e-01       1.00001712e+00       1.00022927e+00       9.99571298e-01
      2.84000000e+00       1.00070798e+00       9.99510105e-01       9.99966856e-01       1.00001784e+00       1.00022985e+00       9.99567372e-01
      2.85000000e+00       1.00071245e+00       9.99508363e-01       9.99966786e-01       1.00001856e+00       1.00023040e+00       9.99563446e-01
      2.86000000e+00       1.00071692e+00       9.99506620e-01       9.99966732e-01       1.00001927e+00       1.00023094e+00       9.99559520e-01
      2.87000000e+00       1.00072141e+00       9.99504874e-01       9.99966695e-01       1.00001998e+00       1.00023146e+00       9.99555593e-01
      2.88000000e+00       1.00072590e+00       9.99503126e-01       9.99966674e-01       1.00002068e+00       1.00023195e+00       9.99551667e-01
      2.89000000e+00       1.00073040e+00       9.99501376e-01       9.99966668e-01       1.00002139e+00       1.00023243e+00       9.99547741e-01
      2.90000000e+00       1.00073490e+00       9.99499623e-01       9.99966679e-01       1.00002209e+00       1.00023289e+00       9.99543816e-01
      2.91000000e+00       1.00073942e+00       9.99497868e-01       9.99966706e-01       1.00002278e+00       1.00023333e+00       9.99539893e-01
      2.92000000e+00       1.00074394e+00       9.99496111e-01       9.99966749e-01       1.00002348e+00       1.00023376e+00       9.99535972e-01
      2.93000000e+00       1.00074846e+00       9.99494350e-01       9.99966808e-01       1.00002416e+00       1.00023416e+00       9.99532054e-01
      2.94000000e+00       1.00075300e+00       9.99492587e-01       9.99966884e-01       1.00002485e+00       1.00023454e+00       9.99528138e-01
      2.95000000e+00       1.00075754e+00       9.99490821e-01       9.99966975e-01       1.00002553e+00       1.00023491e+00       9.99524225e-01
      2.96000000e+00       1.00076209e+00       9.99489052e-01       9.99967083e-01       1.00002620e+00       1.00023526e+00       9.99520316e-01
      2.97000000e+00       1.00076665e+00       9.99487280e-01       9.99967206e-01       1.00002687e+00       1.00023559e+00       9.99516411e-01
      2.98000000e+00       1.00077121e+00       9.99485505e-01       9.99967346e-01       1.00002754e+00       1.00023590e+00       9.99512510e-01
      2.99000000e+00       1.00077578e+00       9.99483726e-01       9.99967501e-01       1.00002819e+00       1.00023619e+00       9.99508614e-01
      3.00000000e+00       1.00078035e+00       9.99481944e-01       9.99967672e-01       1.00002885e+00       1.00023646e+00       9.99504723e-01
      3.01000000e+00       1.00078494e+00       9.99480158e-01       9.99967859e-01       1.00002949e+00       1.00023672e+00       9.99500837e-01
      3.02000000e+00       1.00078953e+00       9.99478369e-01       9.99968062e-01       1.00003013e+00       1.00023695e+00       9.99496957e-01
      3.03000000e+00       1.00079412e+00       9.99476576e-01       9.99968280e-01       1.00003077e+00       1.00023717e+00       9.99493084e-01
      3.04000000e+00       1.00079872e+00       9.99474779e-01       9.99968514e-01       1.00003140e+00       1.00023737e+00       9.99489217e-01
      3.05000000e+00       1.00080333e+00       9.99472978e-01       9.99968764e-01       1.00003202e+00       1.00023756e+00       9.99485357e-01
      3.06000000e+00       1.00080794e+00       9.99471173e-01       9.99969028e-01       1.00003263e+00       1.00023772e+00       9.99481504e-01
      3.07000000e+00       1.00081256e+00       9.99469364e-01       9.99969308e-01       1.00003324e+00       1.00023787e+00       9.99477660e-01
      3.08000000e+00       1.00081719e+00       9.99467550e-01       9.99969604e-01       1.00003384e+00       1.00023800e+00       9.99473823e-01
      3.09000000e+00       1.00082182e+00       9.99465732e-01       9.99969914e-01       1.00003443e+00       1.00023811e+00       9.99469995e-01
      3.10000000e+00       1.00082645e+00       9.99463910e-01       9.99970239e-01       1.00003502e+00       1.00023821e+00       9.99466175e-01
      3.11000000e+00       1.00083109e+00       9.99462083e-01       9.99970579e-01       1.00003560e+00       1.00023829e+00       9.99462365e-01
      3.12000000e+00       1.00083574e+00       9.99460251e-01       9.99970933e-01       1.00003616e+00       1.00023835e+00       9.99458564e-01
      3.13000000e+00       1.00084039e+00       9.99458415e-01       9.99971302e-01       1.00003673e+00       1.00023839e+00       9.99454772e-01
      3.14000000e+00       1.00084505e+00       9.99456573e-01       9.99971685e-01       1.00003728e+00       1.00023842e+00       9.99450991e-01
      3.15000000e+00       1.00084971e+00       9.99454727e-01       9.99972083e-01       1.00003782e+00       1.00023844e+00       9.99447221e-01
      3.16000000e+00       1.00085438e+00       9.99452875e-01       9.99972494e-01       1.00003836e+00       1.00023843e+00       9.99443461e-01
      3.17000000e+00       1.00085905e+00       9.99451018e-01       9.99972919e-01       1.00003889e+00       1.00023841e+00       9.99439712e-01
      3.18000000e+00       1.00086372e+00       9.99449156e-01       9.99973358e-01       1.00003941e+00       1.00023838e+00       9.99435975e-01
      3.19000000e+00       1.00086840e+00       9.99447288e-01       9.99973810e-01       1.00003992e+00       1.00023833e+00       9.99432249e-01
      3.20000000e+00       1.00087309e+00       9.99445414e-01       9.99974276e-01       1.00004042e+00       1.00023826e+00       9.99428536e-01
      3.21000000e+00       1.00087778e+00       9.99443535e-01       9.99974755e-01       1.00004091e+00       1.00023818e+00       9.99424835e-01
      3.22000000e+00       1.00088247e+00       9.99441650e-01       9.99975246e-01       1.00004140e+00       1.00023809e+00       9.99421146e-01
      3.23000000e+00       1.00088717e+00       9.99439759e-01       9.99975751e-01       1.00004187e+00       1.00023798e+00       9.99417471e-01
      3.24000000e+00       1.00089187e+00       9.99437863e-01       9.99976267e-01       1.00004234e+00       1.00023785e+00       9.99413808e-01
      3.25000000e+00       1.00089658e+00       9.99435959e-01       9.99976796e-01       1.00004279e+00       1.00023772e+00       9.99410160e-01
      3.26000000e+00       1.00090129e+00       9.99434050e-01       9.99977338e-01       1.00004324e+00       1.00023756e+00       9.99406525e-01
      3.27000000e+00       1.00090600e+00       9.99432135e-01       9.99977890e-01       1.00004367e+00       1.00023740e+00       9.99402904e-01
      3.28000000e+00       1.00091072e+00       9.99430213e-01       9.99978455e-01       1.00004410e+00       1.00023722e+00       9.99399297e-01
      3.29000000e+00       1.00091544e+00       9.99428284e-01       9.99979031e-01       1.00004452e+00       1.00023703e+00       9.99395705e-01
      3.30000000e+00       1.00092016e+00       9.99426349e-01       9.99979617e-01       1.00004493e+00       1.00023682e+00       9.99392128e-01
      3.31000000e+00       1.00092488e+00       9.99424407e-01       9.99980215e-01       1.00004532e+00       1.00023661e+00       9.99388565e-01
      3.32000000e+00       1.00092961e+00       9.99422458e-01       9.99980823e-01       1.00004571e+00       1.00023638e+00       9.99385019e-01
      3.33000000e+00       1.00093435e+00       9.99420502e-01       9.99981442e-01       1.00004609e+00       1.00023613e+00       9.99381487e-01
      3.34000000e+00       1.00093908e+00       9.99418539e-01       9.99982071e-01       1.00004646e+00       1.00023588e+00       9.99377972e-01
      3.35000000e+00       1.00094382e+00       9.99416569e-01       9.99982709e-01       1.00004682e+00       1.00023562e+00       9.99374472e-01
      3.36000000e+00       1.00094856e+00       9.99414591e-01       9.99983357e-01       1.00004716e+00       1.00023534e+00       9.99370989e-01
      3.37000000e+00       1.00095330e+00       9.99412607e-01       9.99984015e-01       1.00004750e+00       1.00023505e+00       9.99367523e-01
      3.38000000e+00       1.00095804e+00       9.99410614e-01       9.99984681e-01       1.00004783e+00       1.00023476e+00       9.99364073e-01
      3.39000000e+00       1.00096279e+00       9.99408615e-01       9.99985356e-01       1.00004815e+00       1.00023445e+00       9.99360639e-01
      3.40000000e+00       1.00096754e+00       9.99406607e-01       9.99986039e-01       1.00004846e+00       1.00023413e+00       9.99357223e-01
      3.41000000e+00       1.00097229e+00       9.99404592e-01       9.99986731e-01       1.00004875e+00       1.00023381e+00       9.99353825e-01
      3.42000000e+00       1.00097704e+00       9.99402569e-01       9.99987430e-01       1.00004904e+00       1.00023347e+00       9.99350443e-01
      3.43000000e+00       1.00098180e+00       9.99400538e-01       9.99988137e-01       1.00004932e+00       1.00023313e+00       9.99347080e-01
      3.44000000e+00       1.00098655e+00       9.99398499e-01       9.99988851e-01       1.00004959e+00       1.00023277e+00       9.99343734e-01
      3.45000000e+00       1.00099131e+00       9.99396452e-01       9.99989572e-01       1.00004985e+00       1.00023241e+00       9.99340406e-01
      3.46000000e+00       1.00099607e+00       9.99394397e-01       9.99990300e-01       1.00005010e+00       1.00023204e+00       9.99337096e-01
      3.47000000e+00       1.00100082e+00       9.99392333e-01       9.99991034e-01       1.00005034e+00       1.00023167e+00       9.99333805e-01
      3.48000000e+00       1.00100558e+00       9.99390261e-01       9.99991774e-01       1.00005057e+00       1.00023128e+00       9.99330532e-01
      3.49000000e+00       1.00101034e+00       9.99388181e-01       9.99992520e-01       1.00005079e+00       1.00023089e+00       9.99327278e-01
      3.50000000e+00       1.00101510e+00       9.99386092e-01       9.99993271e-01       1.00005100e+00       1.00023049e+00       9.99324042e-01
      3.51000000e+00       1.00101987e+00       9.99383995e-01       9.99994027e-01       1.00005120e+00       1.00023009e+00       9.99320826e-01
      3.52000000e+00       1.00102463e+00       9.99381888e-01       9.99994788e-01       1.00005139e+00       1.00022968e+00       9.99317628e-01
      3.53000000e+00       1.00102939e+00       9.99379773e-01       9.99995554e-01       1.00005157e+00       1.00022926e+00       9.99314450e-01
      3.54000000e+00       1.00103415e+00       9.99377650e-01       9.99996323e-01       1.00005174e+00       1.00022884e+00       9.99311291e-01
      3.55000000e+00       1.00103891e+00       9.99375517e-01       9.99997096e-01       1.00005191e+00       1.00022842e+00       9.99308151e-01
      3.56000000e+00       1.00104367e+00       9.99373375e-01       9.99997873e-01       1.00005206e+00       1.00022799e+00       9.99305031e-01
      3.57000000e+00       1.00104843e+00       9.99371225e-01       9.99998653e-01       1.00005220e+00       1.00022755e+00       9.99301931e-01
      3.58000000e+00       1.00105319e+00       9.99369065e-01       9.99999435e-01       1.00005234e+00       1.00022711e+00       9.99298850e-01
      3.59000000e+00       1.00105795e+00       9.99366896e-01       1.00000022e+00       1.00005247e+00       1.00022667e+00       9.99295789e-01
      3.60000000e+00       1.00106271e+00       9.99364718e-01       1.00000101e+00       1.00005259e+00       1.00022623e+00       9.99292747e-01
      3.61000000e+00       1.00106747e+00       9.99362530e-01       1.00000180e+00       1.00005269e+00       1.00022578e+00       9.99289726e-01
      3.62000000e+00       1.00107223e+00       9.99360334e-01       1.00000259e+00       1.00005280e+00       1.00022533e+00       9.99286725e-01
      3.63000000e+00       1.00107698e+00       9.99358128e-01       1.00000338e+00       1.00005289e+00       1.00022488e+00       9.99283744e-01
      3.64000000e+00       1.00108173e+00       9.99355912e-01       1.00000417e+00       1.00005297e+00       1.00022443e+00       9.99280783e-01
      3.65000000e+00       1.00108649e+00       9.99353687e-01       1.00000496e+00       1.00005305e+00       1.00022397e+00       9.99277842e-01
      3.66000000e+00       1.00109124e+00       9.99351453e-01       1.00000575e+00       1.00005312e+00       1.00022352e+00       9.99274922e-01
      3.67000000e+00       1.00109598e+00       9.99349209e-01       1.00000655e+00       1.00005318e+00       1.00022306e+00       9.99272021e-01
      3.68000000e+00       1.00110073e+00       9.99346956e-01       1.00000734e+00       1.00005323e+00       1.00022261e+00       9.99269142e-01
      3.69000000e+00       1.00110547e+00       9.99344692e-01       1.00000813e+00       1.00005327e+00       1.00022215e+00       9.99266282e-01
      3.70000000e+00       1.00111021e+00       9.99342420e-01       1.00000892e+00       1.00005331e+00       1.00022170e+00       9.99263443e-01
      3.71000000e+00       1.00111495e+00       9.99340137e-01       1.00000971e+00       1.00005334e+00       1.00022124e+00       9.99260625e-01
      3.72000000e+00       1.00111968e+00       9.99337845e-01       1.00001049e+00       1.00005336e+00       1.00022079e+00       9.99257827e-01
      3.73000000e+00       1.00112442e+00       9.99335544e-01       1.00001128e+00       1.00005338e+00       1.00022034e+00       9.99255049e-01
      3.74000000e+00       1.00112914e+00       9.99333232e-01       1.00001206e+00       1.00005339e+00       1.00021989e+00       9.99252292e-01
      3.75000000e+00       1.00113387e+00       9.99330911e-01       1.00001284e+00       1.00005339e+00       1.00021944e+00       9.99249556e-01
      3.76000000e+00       1.00113859e+00       9.99328580e-01       1.00001361e+00       1.00005338e+00       1.00021899e+00       9.99246840e-01
      3.77000000e+00       1.00114331e+00       9.99326240e-01       1.00001438e+00       1.00005337e+00       1.00021855e+00       9.99244145e-01
      3.78000000e+00       1.00114802e+00       9.99323889e-01       1.00001515e+00       1.00005335e+00       1.00021812e+00       9.99241470e-01
      3.79000000e+00       1.00115273e+00       9.99321529e-01       1.00001591e+00       1.00005333e+00       1.00021768e+00       9.99238815e-01
      3.80000000e+00       1.00115744e+00       9.99319160e-01       1.00001667e+00       1.00005330e+00       1.00021725e+00       9.99236181e-01
      3.81000000e+00       1.00116214e+00       9.99316780e-01       1.00001742e+00       1.00005326e+00       1.00021682e+00       9.99233568e-01
      3.82000000e+00       1.00116683e+00       9.99314391e-01       1.00001817e+00       1.00005322e+00       1.00021640e+00       9.99230975e-01
      3.83000000e+00       1.00117152e+00       9.99311992e-01       1.00001891e+00       1.00005318e+00       1.00021599e+00       9.99228402e-01
      3.84000000e+00       1.00117621e+00       9.99309584e-01       1.00001965e+00       1.00005312e+00       1.00021558e+00       9.99225850e-01
      3.85000000e+00       1.00118089e+00       9.99307166e-01       1.00002038e+00       1.00005307e+00       1.00021517e+00       9.99223318e-01
      3.86000000e+00       1.00118557e+00       9.99304739e-01       1.00002111e+00       1.00005300e+00       1.00021477e+00       9.99220806e-01
      3.87000000e+00       1.00119024e+00       9.99302302e-01       1.00002182e+00       1.00005294e+00       1.00021438e+00       9.99218315e-01
      3.88000000e+00       1.00119490e+00       9.99299855e-01       1.00002253e+00       1.00005287e+00       1.00021400e+00       9.99215844e-01
      3.89000000e+00       1.00119956e+00       9.99297399e-01       1.00002324e+00       1.00005279e+00       1.00021362e+00       9.99213393e-01
      3.90000000e+00       1.00120421e+00       9.99294934e-01       1.00002393e+00       1.00005271e+00       1.00021325e+00       9.99210962e-01
      3.91000000e+00       1.00120885e+00       9.99292459e-01       1.00002462e+00       1.00005263e+00       1.00021289e+00       9.99208551e-01
      3.92000000e+00       1.00121349e+00       9.99289975e-01       1.00002530e+00       1.00005254e+00       1.00021253e+00       9.99206160e-01
      3.93000000e+00       1.00121812e+00       9.99287482e-01       1.00002597e+00       1.00005245e+00       1.00021218e+00       9.99203789e-01
      3.94000000e+00       1.00122275e+00       9.99284980e-01       1.00002663e+00       1.00005235e+00       1.00021185e+00       9.99201438e-01
      3.95000000e+00       1.00122737e+00       9.99282469e-01       1.00002728e+00       1.00005225e+00       1.00021152e+00       9.99199107e-01
      3.96000000e+00       1.00123198e+00       9.99279949e-01       1.00002793e+00       1.00005215e+00       1.00021120e+00       9.99196795e-01
      3.97000000e+00       1.00123658e+00       9.99277419e-01       1.00002856e+00       1.00005205e+00       1.00021089e+00       9.99194503e-01
      3.98000000e+00       1.00124117e+00       9.99274881e-01       1.00002918e+00       1.00005194e+00       1.00021059e+00       9.99192230e-01
      3.99000000e+00       1.00124576e+00       9.99272335e-01       1.00002980e+00       1.00005183e+00       1.00021030e+00       9.99189977e-01
      4.00000000e+00       1.00125033e+00       9.99269780e-01       1.00003040e+00       1.00005172e+00       1.00021002e+00       9.99187743e-01
      4.01000000e+00       1.00125490e+00       9.99267216e-01       1.00003099e+00       1.00005160e+00       1.00020975e+00       9.99185529e-01
      4.02000000e+00       1.00125946e+00       9.99264644e-01       1.00003157e+00       1.00005149e+00       1.00020950e+00       9.99183333e-01
      4.03000000e+00       1.00126402e+00       9.99262063e-01       1.00003214e+00       1.00005137e+00       1.00020925e+00       9.99181157e-01
      4.04000000e+00       1.00126856e+00       9.99259475e-01       1.00003270e+00       1.00005125e+00       1.00020902e+00       9.99179000e-01
      4.05000000e+00       1.00127309e+00       9.99256878e-01       1.00003325e+00       1.00005113e+00       1.00020880e+00       9.99176861e-01
      4.06000000e+00       1.00127761e+00       9.99254274e-01       1.00003378e+00       1.00005100e+00       1.00020859e+00       9.99174741e-01
      4.07000000e+00       1.00128213e+00       9.99251662e-01       1.00003430e+00       1.00005088e+00       1.00020839e+00       9.99172640e-01
      4.08000000e+00       1.00128663e+00       9.99249042e-01       1.00003481e+00       1.00005075e+00       1.00020820e+00       9.99170557e-01
      4.09000000e+00       1.00129113e+00       9.99246414e-01       1.00003531e+00       1.00005062e+00       1.00020803e+00       9.99168493e-01
      4.10000000e+00       1.00129561e+00       9.99243780e-01       1.00003580e+00       1.00005050e+00       1.00020787e+00       9.99166447e-01
      4.11000000e+00       1.00130008e+00       9.99241138e-01       1.00003627e+00       1.00005037e+00       1.00020773e+00       9.99164419e-01
      4.12000000e+00       1.00130454e+00       9.99238489e-01       1.00003673e+00       1.00005024e+00       1.00020759e+00       9.99162409e-01
      4.13000000e+00       1.00130899e+00       9.99235833e-01       1.00003717e+00       1.00005011e+00       1.00020748e+00       9.99160417e-01
      4.14000000e+00       1.00131343e+00       9.99233171e-01       1.00003760e+00       1.00004998e+00       1.00020737e+00       9.99158443e-01
      4.15000000e+00       1.00131786e+00       9.99230502e-01       1.00003802e+00       1.00004985e+00       1.00020728e+00       9.99156487e-01
      4.16000000e+00       1.00132227e+00       9.99227827e-01       1.00003842e+00       1.00004972e+00       1.00020721e+00       9.99154548e-01
      4.17000000e+00       1.00132668e+00       9.99225146e-01       1.00003881e+00       1.00004959e+00       1.00020714e+00       9.99152627e-01
      4.18000000e+00       1.00133107e+00       9.99222458e-01       1.00003919e+00       1.00004946e+00       1.00020710e+00       9.99150723e-01
      4.19000000e+00       1.00133545e+00       9.99219765e-01       1.00003955e+00       1.00004933e+00       1.00020707e+00       9.99148836e-01
      4.20000000e+00       1.00133981e+00       9.99217067e-01       1.00003990e+00       1.00004921e+00       1.00020705e+00       9.99146966e-01
      4.21000000e+00       1.00134416e+00       9.99214363e-01       1.00004023e+00       1.00004908e+00       1.00020705e+00       9.99145113e-01
      4.22000000e+00       1.00134850e+00       9.99211654e-01       1.00004055e+00       1.00004895e+00       1.00020707e+00       9.99143277e-01
      4.23000000e+00       1.00135283e+00       9.99208940e-01       1.00004085e+00       1.00004883e+00       1.00020710e+00       9.99141457e-01
      4.24000000e+00       1.00135714e+00       9.99206221e-01       1.00004114e+00       1.00004870e+00       1.00020714e+00       9.99139654e-01
      4.25000000e+00       1.00136144e+00       9.99203498e-01       1.00004141e+00       1.00004858e+00       1.00020720e+00       9.99137868e-01
      4.26000000e+00       1.00136572e+00       9.99200771e-01       1.00004166e+00       1.00004846e+00       1.00020728e+00       9.99136097e-01
      4.27000000e+00       1.00136999e+00       9.99198040e-01       1.00004190e+00       1.00004834e+00       1.00020738e+00       9.99134343e-01
      4.28000000e+00       1.00137425e+00       9.99195305e-01       1.00004213e+00       1.00004822e+00       1.00020749e+00       9.99132605e-01
      4.29000000e+00       1.00137849e+00       9.99192566e-01       1.00004234e+00       1.00004810e+00       1.00020762e+00       9.99130882e-01
      4.30000000e+00       1.00138271e+00       9.99189824e-01       1.00004253e+00       1.00004799e+00       1.00020776e+00       9.99129175e-01
      4.31000000e+00       1.00138692e+00       9.99187079e-01       1.00004271e+00       1.00004788e+00       1.00020792e+00       9.99127484e-01
      4.32000000e+00       1.00139112e+00       9.99184332e-01       1.00004287e+00       1.00004776e+00       1.00020810e+00       9.99125808e-01
      4.33000000e+00       1.00139530e+00       9.99181582e-01       1.00004302e+00       1.00004766e+00       1.00020830e+00       9.99124147e-01
      4.34000000e+00       1.00139946e+00       9.99178829e-01       1.00004315e+00       1.00004755e+00       1.00020851e+00       9.99122502e-01
      4.35000000e+00       1.00140361e+00       9.99176075e-01       1.00004327e+00       1.00004744e+00       1.00020874e+00       9.99120871e-01
      4.36000000e+00       1.00140773e+00       9.99173319e-01       1.00004336e+00       1.00004734e+00       1.00020898e+00       9.99119255e-01
      4.37000000e+00       1.00141185e+00       9.99170562e-01       1.00004345e+00       1.00004724e+00       1.00020925e+00       9.99117654e-01
      4.38000000e+00       1.00141594e+00       9.99167803e-01       1.00004351e+00       1.00004714e+00       1.00020953e+00       9.99116068e-01
      4.39000000e+00       1.00142002e+00       9.99165044e-01       1.00004356e+00       1.00004705e+00       1.00020982e+00       9.99114496e-01
      4.40000000e+00       1.00142408e+00       9.99162284e-01       1.00004360e+00       1.00004695e+00       1.00021014e+00       9.99112938e-01
      4.41000000e+00       1.00142813e+00       9.99159524e-01       1.00004362e+00       1.00004686e+00       1.00021047e+00       9.99111394e-01
      4.42000000e+00       1.00143215e+00       9.99156765e-01       1.00004362e+00       1.00004678e+00       1.00021082e+00       9.99109864e-01
      4.43000000e+00       1.00143616e+00       9.99154005e-01       1.00004360e+00       1.00004669e+00       1.00021119e+00       9.99108348e-01
      4.44000000e+00       1.00144015e+00       9.99151246e-01       1.00004357e+00       1.00004661e+00       1.00021158e+00       9.99106846e-01
      4.45000000e+00       1.00144412e+00       9.99148488e-01       1.00004353e+00       1.00004653e+00       1.00021198e+00       9.99105357e-01
      4.46000000e+00       1.00144807e+00       9.99145732e-01       1.00004346e+00       1.00004645e+00       1.00021240e+00       9.99103882e-01
      4.47000000e+00       1.00145200e+00       9.99142977e-01       1.00004338e+00       1.00004638e+00       1.00021284e+00       9.99102420e-01
      4.48000000e+00       1.00145591e+00       9.99140224e-01       1.00004329e+00       1.00004631e+00       1.00021330e+00       9.99100971e-01
      4.49000000e+00       1.00145980e+00       9.99137473e-01       1.00004318e+00       1.00004624e+00       1.00021377e+00       9.99099535e-01
      4.50000000e+00       1.00146368e+00       9.99134725e-01       1.00004305e+00       1.00004617e+00       1.00021426e+00       9.99098112e-01
      4.51000000e+00       1.00146753e+00       9.99131980e-01       1.00004291e+00       1.00004611e+00       1.00021477e+00       9.99096702e-01
      4.52000000e+00       1.00147136e+00       9.99129238e-01       1.00004275e+00       1.00004605e+00       1.00021529e+00       9.99095304e-01
      4.53000000e+00       1.00147517e+00       9.99126500e-01       1.00004258e+00       1.00004599e+00       1.00021584e+00       9.99093918e-01
      4.54000000e+00       1.00147896e+00       9.99123766e-01       1.00004239e+00       1.00004594e+00       1.00021640e+00       9.99092545e-01
      4.55000000e+00       1.00148273e+00       9.99121036e-01       1.00004218e+00       1.00004589e+00       1.00021697e+00       9.99091184e-01
      4.56000000e+00       1.00148648e+00       9.99118311e-01       1.00004196e+00       1.00004584e+00       1.00021757e+00       9.99089836e-01
      4.57000000e+00       1.00149021e+00       9.99115590e-01       1.00004173e+00       1.00004579e+00       1.00021818e+00       9.99088499e-01
      4.58000000e+00       1.00149391e+00       9.99112876e-01       1.00004147e+00       1.00004575e+00       1.00021881e+00       9.99087173e-01
      4.59000000e+00       1.00149759e+00       9.99110166e-01       1.00004121e+00       1.00004571e+00       1.00021946e+00       9.99085860e-01
      4.60000000e+00       1.00150125e+00       9.99107463e-01       1.00004093e+00       1.00004568e+00       1.00022012e+00       9.99084558e-01
      4.61000000e+00       1.00150489e+00       9.99104766e-01       1.00004063e+00       1.00004564e+00       1.00022080e+00       9.99083267e-01
      4.62000000e+00       1.00150851e+00       9.99102076e-01       1.00004032e+00       1.00004561e+00       1.00022150e+00       9.99081987e-01
      4.63000000e+00       1.00151210e+00       9.99099393e-01       1.00003999e+00       1.00004558e+00       1.00022221e+00       9.99080719e-01
      4.64000000e+00       1.00151567e+00       9.99096718e-01       1.00003965e+00       1.00004556e+00       1.00022294e+00       9.99079461e-01
      4.65000000e+00       1.00151921e+00       9.99094050e-01       1.00003930e+00       1.00004554e+00       1.00022369e+00       9.99078215e-01
      4.66000000e+00       1.00152273e+00       9.99091391e-01       1.00003893e+00       1.00004552e+00       1.00022445e+00       9.99076979e-01
      4.67000000e+00       1.00152623e+00       9.99088740e-01       1.00003855e+00       1.00004550e+00       1.00022523e+00       9.99075753e-01
      4.68000000e+00       1.00152970e+00       9.99086098e-01       1.00003815e+00       1.00004548e+00       1.00022602e+00       9.99074539e-01
      4.69000000e+00       1.00153315e+00       9.99083466e-01       1.00003774e+00       1.00004547e+00       1.00022683e+00       9.99073334e-01
      4.70000000e+00       1.00153658e+00       9.99080843e-01       1.00003732e+00       1.00004546e+00       1.00022766e+00       9.99072140e-01
      4.71000000e+00       1.00153998e+00       9.99078230e-01       1.00003688e+00       1.00004545e+00       1.00022850e+00       9.99070956e-01
      4.72000000e+00       1.00154335e+00       9.99075628e-01       1.00003643e+00       1.00004545e+00       1.00022935e+00       9.99069781e-01
      4.73000000e+00       1.00154670e+00       9.99073036e-01       1.00003597e+00       1.00004545e+00       1.00023023e+00       9.99068617e-01
      4.74000000e+00       1.00155003e+00       9.99070456e-01       1.00003549e+00       1.00004545e+00       1.00023111e+00       9.99067463e-01
      4.75000000e+00       1.00155333e+00       9.99067887e-01       1.00003501e+00       1.00004545e+00       1.00023201e+00       9.99066318e-01
      4.76000000e+00       1.00155660e+00       9.99065330e-01       1.00003451e+00       1.00004545e+00       1.00023293e+00       9.99065182e-01
      4.77000000e+00       1.00155984e+00       9.99062785e-01       1.00003399e+00       1.00004546e+00       1.00023386e+00       9.99064056e-01
      4.78000000e+00       1.00156306e+00       9.99060253e-01       1.00003347e+00       1.00004547e+00       1.00023480e+00       9.99062939e-01
      4.79000000e+00       1.00156626e+00       9.99057734e-01       1.00003294e+00       1.00004548e+00       1.00023576e+00       9.99061832e-01
      4.80000000e+00       1.00156942e+00       9.99055228e-01       1.00003239e+00       1.00004549e+00       1.00023674e+00       9.99060733e-01
      4.81000000e+00       1.00157256e+00       9.99052736e-01       1.00003183e+00       1.00004550e+00       1.00023772e+00       9.99059644e-01
      4.82000000e+00       1.00157568e+00       9.99050258e-01       1.00003126e+00       1.00004552e+00       1.00023872e+00       9.99058563e-01
      4.83000000e+00       1.00157876e+00       9.99047794e-01       1.00003068e+00       1.00004553e+00       1.00023973e+00       9.99057491e-01
      4.84000000e+00       1.00158182e+00       9.99045345e-01       1.00003009e+00       1.00004555e+00       1.00024076e+00       9.99056428e-01
      4.85000000e+00       1.00158485e+00       9.99042912e-01       1.00002949e+00       1.00004557e+00       1.00024180e+00       9.99055373e-01
      4.86000000e+00       1.00158785e+00       9.99040494e-01       1.00002888e+00       1.00004559e+00       1.00024285e+00       9.99054327e-01
      4.87000000e+00       1.00159083e+00       9.99038092e-01       1.00002826e+00       1.00004562e+00       1.00024391e+00       9.99053289e-01
      4.88000000e+00       1.00159377e+00       9.99035706e-01       1.00002764e+00       1.00004564e+00       1.00024498e+00       9.99052259e-01
      4.89000000e+00       1.00159669e+00       9.99033336e-01       1.00002700e+00       1.00004566e+00       1.00024607e+00       9.99051237e-01
      4.90000000e+00       1.00159958e+00       9.99030984e-01       1.00002635e+00       1.00004569e+00       1.00024717e+00       9.99050224e-01
      4.91000000e+00       1.00160244e+00       9.99028649e-01       1.00002570e+00       1.00004572e+00       1.00024828e+00       9.99049218e-01
      4.92000000e+00       1.00160527e+00       9.99026332e-01       1.00002503e+00       1.00004575e+00       1.00024940e+00       9.99048220e-01
      4.93000000e+00       1.00160807e+00       9.99024032e-01       1.00002436e+00       1.00004578e+00       1.00025053e+00       9.99047230e-01
      4.94000000e+00       1.00161084e+00       9.99021751e-01       1.00002368e+00       1.00004581e+00       1.00025167e+00       9.99046247e-01
      4.95000000e+00       1.00161359e+00       9.99019489e-01       1.00002300e+00       1.00004584e+00       1.00025282e+00       9.99045272e-01
      4.96000000e+00       1.00161630e+00       9.99017246e-01       1.00002230e+00       1.00004587e+00       1.00025398e+00       9.99044305e-01
      4.97000000e+00       1.00161898e+00       9.99015022e-01       1.00002160e+00       1.00004590e+00       1.00025515e+00       9.99043345e-01
      4.98000000e+00       1.00162163e+00       9.99012818e-01       1.00002090e+00       1.00004593e+00       1.00025633e+00       9.99042392e-01
      4.99000000e+00       1.00162426e+00       9.99010633e-01       1.00002018e+00       1.00004596e+00       1.00025752e+00       9.99041446e-01
      5.00000000e+00       1.00162685e+00       9.99008470e-01       1.00001947e+00       1.00004599e+00       1.00025871e+00       9.99040508e-01
