      0.00000000e+00      -5.56046026e+00       6.00000000e+00
      1.00000000e-02      -5.56046026e+00       6.00000000e+00
      2.00000000e-02      -5.56046026e+00       6.00000000e+00
      3.00000000e-02      -5.56046026e+00       6.00000000e+00
      4.00000000e-02      -5.56046026e+00       6.00000000e+00
      5.00000000e-02      -5.56046026e+00       6.00000000e+00
      6.00000000e-02      -5.56046026e+00       6.00000000e+00
      7.00000000e-02      -5.56046026e+00       6.00000000e+00
      8.00000000e-02      -5.56046026e+00       6.00000000e+00
      9.00000000e-02      -5.56046026e+00       6.00000000e+00
      1.00000000e-01      -5.56046026e+00       6.00000000e+00
      1.10000000e-01      -5.56046026e+00       6.00000000e+00
      1.20000000e-01      -5.56046026e+00       6.00000000e+00
      1.30000000e-01      -5.56046026e+00       6.00000000e+00
      1.40000000e-01      -5.56046026e+00       6.00000000e+00
      1.50000000e-01      -5.56046026e+00       6.00000000e+00
      1.60000000e-01      -5.56046026e+00       6.00000000e+00
      1.70000000e-01      -5.56046026e+00       6.00000000e+00
      1.80000000e-01      -5.56046026e+00       6.00000000e+00
      1.90000000e-01      -5.56046026e+00       6.00000000e+00
      2.00000000e-01      -5.56046026e+00       6.00000000e+00
      2.10000000e-01      -5.56046026e+00       6.00000000e+00
      2.20000000e-01      -5.56046026e+00       6.00000000e+00
      2.30000000e-01      -5.56046026e+00       6.00000000e+00
      2.40000000e-01      -5.56046026e+00       6.00000000e+00
      2.50000000e-01      -5.56046026e+00       6.00000000e+00
      2.60000000e-01      -5.56046026e+00       6.00000000e+00
      2.70000000e-01      -5.56046026e+00       6.00000000e+00
      2.80000000e-01      -5.56046026e+00       6.00000000e+00
      2.90000000e-01      -5.56046026e+00       6.00000000e+00
      3.00000000e-01      -5.56046026e+00       6.00000000e+00
      3.10000000e-01      -5.56046026e+00       6.00000000e+00
      3.20000000e-01      -5.56046026e+00       6.00000000e+00
      3.30000000e-01      -5.56046026e+00       6.00000000e+00
      3.40000000e-01      -5.56046026e+00       6.00000000e+00
      3.50000000e-01      -5.56046026e+00       6.00000000e+00
      3.60000000e-01      -5.56046026e+00       6.00000000e+00
      3.70000000e-01      -5.56046026e+00       6.00000000e+00
      3.80000000e-01      -5.56046026e+00       6.00000000e+00
      3.90000000e-01      -5.56046026e+00       6.00000000e+00
      4.00000000e-01      -5.56046026e+00       6.00000000e+00
      4.10000000e-01      -5.56046026e+00       6.00000000e+00
      4.20000000e-01      -5.56046026e+00       6.00000000e+00
      4.30000000e-01      -5.56046026e+00       6.00000000e+00
      4.40000000e-01      -5.56046026e+00       6.00000000e+00
      4.50000000e-01      -5.56046026e+00       6.00000000e+00
      4.60000000e-01      -5.56046026e+00       6.00000000e+00
      4.70000000e-01      -5.56046026e+00       6.00000000e+00
      4.80000000e-01      -5.56046026e+00       6.00000000e+00
      4.90000000e-01      -5.56046026e+00       6.00000000e+00
      5.00000000e-01      -5.56046026e+00       6.00000000e+00
      5.10000000e-01      -5.56046026e+00       6.00000000e+00
      5.20000000e-01      -5.56046026e+00       6.00000000e+00
      5.30000000e-01      -5.56046026e+00       6.00000000e+00
      5.40000000e-01      -5.56046026e+00       6.00000000e+00
      5.50000000e-01      -5.56046026e+00       6.00000000e+00
      5.60000000e-01      -5.56046026e+00       6.00000000e+00
      5.70000000e-01      -5.56046026e+00       6.00000000e+00
      5.80000000e-01      -5.56046026e+00       6.00000000e+00
      5.90000000e-01      -5.56046026e+00       6.00000000e+00
      6.00000000e-01      -5.56046026e+00       6.00000000e+00
      6.10000000e-01      -5.56046026e+00       6.00000000e+00
      6.20000000e-01      -5.56046026e+00       6.00000000e+00
      6.30000000e-01      -5.56046026e+00       6.00000000e+00
      6.40000000e-01      -5.56046026e+00       6.00000000e+00
      6.50000000e-01      -5.56046026e+00       6.00000000e+00
      6.60000000e-01      -5.56046026e+00       6.00000000e+00
      6.70000000e-01      -5.56046026e+00       6.00000000e+00
      6.80000000e-01      -5.56046026e+00       6.00000000e+00
      6.90000000e-01      -5.56046026e+00       6.00000000e+00
      7.00000000e-01      -5.56046026e+00       6.00000000e+00
      7.10000000e-01      -5.56046026e+00       6.00000000e+00
      7.20000000e-01      -5.56046026e+00       6.00000000e+00
      7.30000000e-01      -5.56046026e+00       6.00000000e+00
      7.40000000e-01      -5.56046026e+00       6.00000000e+00
      7.50000000e-01      -5.56046026e+00       6.00000000e+00
      7.60000000e-01      -5.56046026e+00       6.00000000e+00
      7.70000000e-01      -5.56046026e+00       6.00000000e+00
      7.80000000e-01      -5.56046026e+00       6.00000000e+00
      7.90000000e-01      -5.56046026e+00       6.00000000e+00
      8.00000000e-01      -5.56046026e+00       6.00000000e+00
      8.10000000e-01      -5.56046026e+00       6.00000000e+00
      8.20000000e-01      -5.56046026e+00       6.00000000e+00
      8.30000000e-01      -5.56046026e+00       6.00000000e+00
      8.40000000e-01      -5.56046026e+00       6.00000000e+00
      8.50000000e-01      -5.56046026e+00       6.00000000e+00
      8.60000000e-01      -5.56046026e+00       6.00000000e+00
      8.70000000e-01      -5.56046026e+00       6.00000000e+00
      8.80000000e-01      -5.56046026e+00       6.00000000e+00
      8.90000000e-01      -5.56046026e+00       6.00000000e+00
      9.00000000e-01      -5.56046026e+00       6.00000000e+00
      9.10000000e-01      -5.56046026e+00       6.00000000e+00
      9.20000000e-01      -5.56046026e+00       6.00000000e+00
      9.30000000e-01      -5.56046026e+00       6.00000000e+00
      9.40000000e-01      -5.56046026e+00       6.00000000e+00
      9.50000000e-01      -5.56046026e+00       6.00000000e+00
      9.60000000e-01      -5.56046026e+00       6.00000000e+00
      9.70000000e-01      -5.56046026e+00       6.00000000e+00
      9.80000000e-01      -5.56046026e+00       6.00000000e+00
      9.90000000e-01      -5.56046026e+00       6.00000000e+00
      1.00000000e+00      -5.56046026e+00       6.00000000e+00
      1.01000000e+00      -5.56046026e+00       6.00000000e+00
      1.02000000e+00      -5.56046026e+00       6.00000000e+00
      1.03000000e+00      -5.56046026e+00       6.00000000e+00
      1.04000000e+00      -5.56046026e+00       6.00000000e+00
      1.05000000e+00      -5.56046026e+00       6.00000000e+00
      1.06000000e+00      -5.56046026e+00       6.00000000e+00
      1.07000000e+00      -5.56046026e+00       6.00000000e+00
      1.08000000e+00      -5.56046026e+00       6.00000000e+00
      1.09000000e+00      -5.56046026e+00       6.00000000e+00
      1.10000000e+00      -5.56046026e+00       6.00000000e+00
      1.11000000e+00      -5.56046026e+00       6.00000000e+00
      1.12000000e+00      -5.56046026e+00       6.00000000e+00
      1.13000000e+00      -5.56046026e+00       6.00000000e+00
      1.14000000e+00      -5.56046026e+00       6.00000000e+00
      1.15000000e+00      -5.56046026e+00       6.00000000e+00
      1.16000000e+00      -5.56046026e+00       6.00000000e+00
      1.17000000e+00      -5.56046026e+00       6.00000000e+00
      1.18000000e+00      -5.56046026e+00       6.00000000e+00
      1.19000000e+00      -5.56046026e+00       6.00000000e+00
      1.20000000e+00      -5.56046026e+00       6.00000000e+00
      1.21000000e+00      -5.56046026e+00       6.00000000e+00
      1.22000000e+00      -5.56046026e+00       6.00000000e+00
      1.23000000e+00      -5.56046026e+00       6.00000000e+00
      1.24000000e+00      -5.56046026e+00       6.00000000e+00
      1.25000000e+00      -5.56046026e+00       6.00000000e+00
      1.26000000e+00      -5.56046026e+00       6.00000000e+00
      1.27000000e+00      -5.56046026e+00       6.00000000e+00
      1.28000000e+00      -5.56046026e+00       6.00000000e+00
      1.29000000e+00      -5.56046026e+00       6.00000000e+00
      1.30000000e+00      -5.56046026e+00       6.00000000e+00
      1.31000000e+00      -5.56046026e+00       6.00000000e+00
      1.32000000e+00      -5.56046027e+00       6.00000000e+00
      1.33000000e+00      -5.56046027e+00       6.00000000e+00
      1.34000000e+00      -5.56046027e+00       6.00000000e+00
      1.35000000e+00      -5.56046027e+00       6.00000000e+00
      1.36000000e+00      -5.56046027e+00       6.00000000e+00
      1.37000000e+00      -5.56046027e+00       6.00000000e+00
      1.38000000e+00      -5.56046027e+00       6.00000000e+00
      1.39000000e+00      -5.56046027e+00       6.00000000e+00
      1.40000000e+00      -5.56046027e+00       6.00000000e+00
      1.41000000e+00      -5.56046027e+00       6.00000000e+00
      1.42000000e+00      -5.56046027e+00       6.00000000e+00
      1.43000000e+00      -5.56046027e+00       6.00000000e+00
      1.44000000e+00      -5.56046027e+00       6.00000000e+00
      1.45000000e+00      -5.56046027e+00       6.00000000e+00
      1.46000000e+00      -5.56046027e+00       6.00000000e+00
      1.47000000e+00      -5.56046027e+00       6.00000000e+00
      1.48000000e+00      -5.56046027e+00       6.00000000e+00
      1.49000000e+00      -5.56046027e+00       6.00000000e+00
      1.50000000e+00      -5.56046027e+00       6.00000000e+00
      1.51000000e+00      -5.56046027e+00       6.00000000e+00
      1.52000000e+00      -5.56046027e+00       6.00000000e+00
      1.53000000e+00      -5.56046027e+00       6.00000000e+00
      1.54000000e+00      -5.56046027e+00       6.00000000e+00
      1.55000000e+00      -5.56046027e+00       6.00000000e+00
      1.56000000e+00      -5.56046027e+00       6.00000000e+00
      1.57000000e+00      -5.56046027e+00       6.00000000e+00
      1.58000000e+00      -5.56046027e+00       6.00000000e+00
      1.59000000e+00      -5.56046027e+00       6.00000000e+00
      1.60000000e+00      -5.56046027e+00       6.00000000e+00
      1.61000000e+00      -5.56046027e+00       6.00000000e+00
      1.62000000e+00      -5.56046027e+00       6.00000000e+00
      1.63000000e+00      -5.56046027e+00       6.00000000e+00
      1.64000000e+00      -5.56046027e+00       6.00000000e+00
      1.65000000e+00      -5.56046027e+00       6.00000000e+00
      1.66000000e+00      -5.56046027e+00       6.00000000e+00
      1.67000000e+00      -5.56046027e+00       6.00000000e+00
      1.68000000e+00      -5.56046027e+00       6.00000000e+00
      1.69000000e+00      -5.56046027e+00       6.00000000e+00
      1.70000000e+00      -5.56046027e+00       6.00000000e+00
      1.71000000e+00      -5.56046027e+00       6.00000000e+00
      1.72000000e+00      -5.56046027e+00       6.00000000e+00
      1.73000000e+00      -5.56046027e+00       6.00000000e+00
      1.74000000e+00      -5.56046027e+00       6.00000000e+00
      1.75000000e+00      -5.56046027e+00       6.00000000e+00
      1.76000000e+00      -5.56046027e+00       6.00000000e+00
      1.77000000e+00      -5.56046027e+00       6.00000000e+00
      1.78000000e+00      -5.56046027e+00       6.00000000e+00
      1.79000000e+00      -5.56046027e+00       6.00000000e+00
      1.80000000e+00      -5.56046027e+00       6.00000000e+00
      1.81000000e+00      -5.56046027e+00       6.00000000e+00
      1.82000000e+00      -5.56046027e+00       6.00000000e+00
      1.83000000e+00      -5.56046027e+00       6.00000000e+00
      1.84000000e+00      -5.56046027e+00       6.00000000e+00
      1.85000000e+00      -5.56046027e+00       6.00000000e+00
      1.86000000e+00      -5.56046027e+00       6.00000000e+00
      1.87000000e+00      -5.56046027e+00       6.00000000e+00
      1.88000000e+00      -5.56046027e+00       6.00000000e+00
      1.89000000e+00      -5.56046027e+00       6.00000000e+00
      1.90000000e+00      -5.56046027e+00       6.00000000e+00
      1.91000000e+00      -5.56046027e+00       6.00000000e+00
      1.92000000e+00      -5.56046027e+00       6.00000000e+00
      1.93000000e+00      -5.56046027e+00       6.00000000e+00
      1.94000000e+00      -5.56046027e+00       6.00000000e+00
      1.95000000e+00      -5.56046027e+00       6.00000000e+00
      1.96000000e+00      -5.56046027e+00       6.00000000e+00
      1.97000000e+00      -5.56046027e+00       6.00000000e+00
      1.98000000e+00      -5.56046027e+00       6.00000000e+00
      1.99000000e+00      -5.56046027e+00       6.00000000e+00
      2.00000000e+00      -5.56046027e+00       6.00000000e+00
      2.01000000e+00      -5.56046027e+00       6.00000000e+00
      2.02000000e+00      -5.56046027e+00       6.00000000e+00
      2.03000000e+00      -5.56046027e+00       6.00000000e+00
      2.04000000e+00      -5.56046027e+00       6.00000000e+00
      2.05000000e+00      -5.56046027e+00       6.00000000e+00
      2.06000000e+00      -5.56046027e+00       6.00000000e+00
      2.07000000e+00      -5.56046027e+00       6.00000000e+00
      2.08000000e+00      -5.56046027e+00       6.00000000e+00
      2.09000000e+00      -5.56046027e+00       6.00000000e+00
      2.10000000e+00      -5.56046027e+00       6.00000000e+00
      2.11000000e+00      -5.56046027e+00       6.00000000e+00
      2.12000000e+00      -5.56046027e+00       6.00000000e+00
      2.13000000e+00      -5.56046027e+00       6.00000000e+00
      2.14000000e+00      -5.56046027e+00       6.00000000e+00
      2.15000000e+00      -5.56046027e+00       6.00000000e+00
      2.16000000e+00      -5.56046027e+00       6.00000000e+00
      2.17000000e+00      -5.56046027e+00       6.00000000e+00
      2.18000000e+00      -5.56046026e+00       6.00000000e+00
      2.19000000e+00      -5.56046026e+00       6.00000000e+00
      2.20000000e+00      -5.56046026e+00       6.00000000e+00
      2.21000000e+00      -5.56046026e+00       6.00000000e+00
      2.22000000e+00      -5.56046026e+00       6.00000000e+00
      2.23000000e+00      -5.56046026e+00       6.00000000e+00
      2.24000000e+00      -5.56046026e+00       6.00000000e+00
      2.25000000e+00      -5.56046026e+00       6.00000000e+00
      2.26000000e+00      -5.56046026e+00       6.00000000e+00
      2.27000000e+00      -5.56046026e+00       6.00000000e+00
      2.28000000e+00      -5.56046026e+00       6.00000000e+00
      2.29000000e+00      -5.56046026e+00       6.00000000e+00
      2.30000000e+00      -5.56046026e+00       6.00000000e+00
      2.31000000e+00      -5.56046026e+00       6.00000000e+00
      2.32000000e+00      -5.56046026e+00       6.00000000e+00
      2.33000000e+00      -5.56046026e+00       6.00000000e+00
      2.34000000e+00      -5.56046026e+00       6.00000000e+00
      2.35000000e+00      -5.56046025e+00       6.00000000e+00
      2.36000000e+00      -5.56046025e+00       6.00000000e+00
      2.37000000e+00      -5.56046025e+00       6.00000000e+00
      2.38000000e+00      -5.56046025e+00       6.00000000e+00
      2.39000000e+00      -5.56046025e+00       6.00000000e+00
      2.40000000e+00      -5.56046025e+00       6.00000000e+00
      2.41000000e+00      -5.56046025e+00       6.00000000e+00
      2.42000000e+00      -5.56046025e+00       6.00000000e+00
      2.43000000e+00      -5.56046025e+00       6.00000000e+00
      2.44000000e+00      -5.56046025e+00       6.00000000e+00
      2.45000000e+00      -5.56046025e+00       6.00000000e+00
      2.46000000e+00      -5.56046024e+00       6.00000000e+00
      2.47000000e+00      -5.56046024e+00       6.00000000e+00
      2.48000000e+00      -5.56046024e+00       6.00000000e+00
      2.49000000e+00      -5.56046024e+00       6.00000000e+00
      2.50000000e+00      -5.56046024e+00       6.00000000e+00
      2.51000000e+00      -5.56046024e+00       6.00000000e+00
      2.52000000e+00      -5.56046024e+00       6.00000000e+00
      2.53000000e+00      -5.56046024e+00       6.00000000e+00
      2.54000000e+00      -5.56046024e+00       6.00000000e+00
      2.55000000e+00      -5.56046023e+00       6.00000000e+00
      2.56000000e+00      -5.56046023e+00       6.00000000e+00
      2.57000000e+00      -5.56046023e+00       6.00000000e+00
      2.58000000e+00      -5.56046023e+00       6.00000000e+00
      2.59000000e+00      -5.56046023e+00       6.00000000e+00
      2.60000000e+00      -5.56046023e+00       6.00000000e+00
      2.61000000e+00      -5.56046023e+00       6.00000000e+00
      2.62000000e+00      -5.56046023e+00       6.00000000e+00
      2.63000000e+00      -5.56046022e+00       6.00000000e+00
      2.64000000e+00      -5.56046022e+00       6.00000000e+00
      2.65000000e+00      -5.56046022e+00       6.00000000e+00
      2.66000000e+00      -5.56046022e+00       6.00000000e+00
      2.67000000e+00      -5.56046022e+00       6.00000000e+00
      2.68000000e+00      -5.56046022e+00       6.00000000e+00
      2.69000000e+00      -5.56046022e+00       6.00000000e+00
      2.70000000e+00      -5.56046021e+00       6.00000000e+00
      2.71000000e+00      -5.56046021e+00       6.00000000e+00
      2.72000000e+00      -5.56046021e+00       6.00000000e+00
      2.73000000e+00      -5.56046021e+00       6.00000000e+00
      2.74000000e+00      -5.56046021e+00       6.00000000e+00
      2.75000000e+00      -5.56046021e+00       6.00000000e+00
      2.76000000e+00      -5.56046021e+00       6.00000000e+00
      2.77000000e+00      -5.56046020e+00       6.00000000e+00
      2.78000000e+00      -5.56046020e+00       6.00000000e+00
      2.79000000e+00      -5.56046020e+00       6.00000000e+00
      2.80000000e+00      -5.56046020e+00       6.00000000e+00
      2.81000000e+00      -5.56046020e+00       6.00000000e+00
      2.82000000e+00      -5.56046019e+00       6.00000000e+00
      2.83000000e+00      -5.56046019e+00       6.00000000e+00
      2.84000000e+00      -5.56046019e+00       6.00000000e+00
      2.85000000e+00      -5.56046019e+00       6.00000000e+00
      2.86000000e+00      -5.56046019e+00       6.00000000e+00
      2.87000000e+00      -5.56046019e+00       6.00000000e+00
      2.88000000e+00      -5.56046018e+00       6.00000000e+00
      2.89000000e+00      -5.56046018e+00       6.00000000e+00
      2.90000000e+00      -5.56046018e+00       6.00000000e+00
      2.91000000e+00      -5.56046018e+00       6.00000000e+00
      2.92000000e+00      -5.56046018e+00       6.00000000e+00
      2.93000000e+00      -5.56046017e+00       6.00000000e+00
      2.94000000e+00      -5.56046017e+00       6.00000000e+00
      2.95000000e+00      -5.56046017e+00       6.00000000e+00
      2.96000000e+00      -5.56046017e+00       6.00000000e+00
      2.97000000e+00      -5.56046017e+00       6.00000000e+00
      2.98000000e+00      -5.56046016e+00       6.00000000e+00
      2.99000000e+00      -5.56046016e+00       6.00000000e+00
      3.00000000e+00      -5.56046016e+00       6.00000000e+00
      3.01000000e+00      -5.56046016e+00       6.00000000e+00
      3.02000000e+00      -5.56046015e+00       6.00000000e+00
      3.03000000e+00      -5.56046015e+00       6.00000000e+00
      3.04000000e+00      -5.56046015e+00       6.00000000e+00
      3.05000000e+00      -5.56046015e+00       6.00000000e+00
      3.06000000e+00      -5.56046015e+00       6.00000000e+00
      3.07000000e+00      -5.56046014e+00       6.00000000e+00
      3.08000000e+00      -5.56046014e+00       6.00000000e+00
      3.09000000e+00      -5.56046014e+00       6.00000000e+00
      3.10000000e+00      -5.56046014e+00       6.00000000e+00
      3.11000000e+00      -5.56046013e+00       6.00000000e+00
      3.12000000e+00      -5.56046013e+00       6.00000000e+00
      3.13000000e+00      -5.56046013e+00       6.00000000e+00
      3.14000000e+00      -5.56046013e+00       6.00000000e+00
      3.15000000e+00      -5.56046012e+00       6.00000000e+00
      3.16000000e+00      -5.56046012e+00       6.00000000e+00
      3.17000000e+00      -5.56046012e+00       6.00000000e+00
      3.18000000e+00      -5.56046012e+00       6.00000000e+00
      3.19000000e+00      -5.56046011e+00       6.00000000e+00
      3.20000000e+00      -5.56046011e+00       6.00000000e+00
      3.21000000e+00      -5.56046011e+00       6.00000000e+00
      3.22000000e+00      -5.56046010e+00       6.00000000e+00
      3.23000000e+00      -5.56046010e+00       6.00000000e+00
      3.24000000e+00      -5.56046010e+00       6.00000000e+00
      3.25000000e+00      -5.56046010e+00       6.00000000e+00
      3.26000000e+00      -5.56046009e+00       6.00000000e+00
      3.27000000e+00      -5.56046009e+00       6.00000000e+00
      3.28000000e+00      -5.56046009e+00       6.00000000e+00
      3.29000000e+00      -5.56046009e+00       6.00000000e+00
      3.30000000e+00      -5.56046008e+00       6.00000000e+00
      3.31000000e+00      -5.56046008e+00       6.00000000e+00
      3.32000000e+00      -5.56046008e+00       6.00000000e+00
      3.33000000e+00      -5.56046007e+00       6.00000000e+00
      3.34000000e+00      -5.56046007e+00       6.00000000e+00
      3.35000000e+00      -5.56046007e+00       6.00000000e+00
      3.36000000e+00      -5.56046006e+00       6.00000000e+00
      3.37000000e+00      -5.56046006e+00       6.00000000e+00
      3.38000000e+00      -5.56046006e+00       6.00000000e+00
      3.39000000e+00      -5.56046006e+00       6.00000000e+00
      3.40000000e+00      -5.56046005e+00       6.00000000e+00
      3.41000000e+00      -5.56046005e+00       6.00000000e+00
      3.42000000e+00      -5.56046005e+00       6.00000000e+00
      3.43000000e+00      -5.56046004e+00       6.00000000e+00
      3.44000000e+00      -5.56046004e+00       6.00000000e+00
      3.45000000e+00      -5.56046004e+00       6.00000000e+00
      3.46000000e+00      -5.56046003e+00       6.00000000e+00
      3.47000000e+00      -5.56046003e+00       6.00000000e+00
      3.48000000e+00      -5.56046003e+00       6.00000000e+00
      3.49000000e+00      -5.56046002e+00       6.00000000e+00
      3.50000000e+00      -5.56046002e+00       6.00000000e+00
      3.51000000e+00      -5.56046002e+00       6.00000000e+00
      3.52000000e+00      -5.56046001e+00       6.00000000e+00
      3.53000000e+00      -5.56046001e+00       6.00000000e+00
      3.54000000e+00      -5.56046001e+00       6.00000000e+00
      3.55000000e+00      -5.56046000e+00       6.00000000e+00
      3.56000000e+00      -5.56046000e+00       6.00000000e+00
      3.57000000e+00      -5.56046000e+00       6.00000000e+00
      3.58000000e+00      -5.56045999e+00       6.00000000e+00
      3.59000000e+00      -5.56045999e+00       6.00000000e+00
      3.60000000e+00      -5.56045999e+00       6.00000000e+00
      3.61000000e+00      -5.56045998e+00       6.00000000e+00
      3.62000000e+00      -5.56045998e+00       6.00000000e+00
      3.63000000e+00      -5.56045998e+00       6.00000000e+00
      3.64000000e+00      -5.56045997e+00       6.00000000e+00
      3.65000000e+00      -5.56045997e+00       6.00000000e+00
      3.66000000e+00      -5.56045997e+00       6.00000000e+00
      3.67000000e+00      -5.56045996e+00       6.00000000e+00
      3.68000000e+00      -5.56045996e+00       6.00000000e+00
      3.69000000e+00      -5.56045996e+00       6.00000000e+00
      3.70000000e+00      -5.56045995e+00       6.00000000e+00
      3.71000000e+00      -5.56045995e+00       6.00000000e+00
      3.72000000e+00      -5.56045995e+00       6.00000000e+00
      3.73000000e+00      -5.56045994e+00       6.00000000e+00
      3.74000000e+00      -5.56045994e+00       6.00000000e+00
      3.75000000e+00      -5.56045994e+00       6.00000000e+00
      3.76000000e+00      -5.56045993e+00       6.00000000e+00
      3.77000000e+00      -5.56045993e+00       6.00000000e+00
      3.78000000e+00      -5.56045993e+00       6.00000000e+00
      3.79000000e+00      -5.56045992e+00       6.00000000e+00
      3.80000000e+00      -5.56045992e+00       6.00000000e+00
      3.81000000e+00      -5.56045991e+00       6.00000000e+00
      3.82000000e+00      -5.56045991e+00       6.00000000e+00
      3.83000000e+00      -5.56045991e+00       6.00000000e+00
      3.84000000e+00      -5.56045990e+00       6.00000000e+00
      3.85000000e+00      -5.56045990e+00       6.00000000e+00
      3.86000000e+00      -5.56045990e+00       6.00000000e+00
      3.87000000e+00      -5.56045989e+00       6.00000000e+00
      3.88000000e+00      -5.56045989e+00       6.00000000e+00
      3.89000000e+00      -5.56045989e+00       6.00000000e+00
      3.90000000e+00      -5.56045988e+00       6.00000000e+00
      3.91000000e+00      -5.56045988e+00       6.00000000e+00
      3.92000000e+00      -5.56045988e+00       6.00000000e+00
      3.93000000e+00      -5.56045987e+00       6.00000000e+00
      3.94000000e+00      -5.56045987e+00       6.00000000e+00
      3.95000000e+00      -5.56045986e+00       6.00000000e+00
      3.96000000e+00      -5.56045986e+00       6.00000000e+00
      3.97000000e+00      -5.56045986e+00       6.00000000e+00
      3.98000000e+00      -5.56045985e+00       6.00000000e+00
      3.99000000e+00      -5.56045985e+00       6.00000000e+00
      4.00000000e+00      -5.56045985e+00       6.00000000e+00
      4.01000000e+00      -5.56045984e+00       6.00000000e+00
      4.02000000e+00      -5.56045984e+00       6.00000000e+00
      4.03000000e+00      -5.56045984e+00       6.00000000e+00
      4.04000000e+00      -5.56045983e+00       6.00000000e+00
      4.05000000e+00      -5.56045983e+00       6.00000000e+00
      4.06000000e+00      -5.56045983e+00       6.00000000e+00
      4.07000000e+00      -5.56045982e+00       6.00000000e+00
      4.08000000e+00      -5.56045982e+00       6.00000000e+00
      4.09000000e+00      -5.56045981e+00       6.00000000e+00
      4.10000000e+00      -5.56045981e+00       6.00000000e+00
      4.11000000e+00      -5.56045981e+00       6.00000000e+00
      4.12000000e+00      -5.56045980e+00       6.00000000e+00
      4.13000000e+00      -5.56045980e+00       6.00000000e+00
      4.14000000e+00      -5.56045980e+00       6.00000000e+00
      4.15000000e+00      -5.56045979e+00       6.00000000e+00
      4.16000000e+00      -5.56045979e+00       6.00000000e+00
      4.17000000e+00      -5.56045979e+00       6.00000000e+00
      4.18000000e+00      -5.56045978e+00       6.00000000e+00
      4.19000000e+00      -5.56045978e+00       6.00000000e+00
      4.20000000e+00      -5.56045978e+00       6.00000000e+00
      4.21000000e+00      -5.56045977e+00       6.00000000e+00
      4.22000000e+00      -5.56045977e+00       6.00000000e+00
      4.23000000e+00      -5.56045977e+00       6.00000000e+00
      4.24000000e+00      -5.56045976e+00       6.00000000e+00
      4.25000000e+00      -5.56045976e+00       6.00000000e+00
      4.26000000e+00      -5.56045976e+00       6.00000000e+00
      4.27000000e+00      -5.56045975e+00       6.00000000e+00
      4.28000000e+00      -5.56045975e+00       6.00000000e+00
      4.29000000e+00      -5.56045975e+00       6.00000000e+00
      4.30000000e+00      -5.56045974e+00       6.00000000e+00
      4.31000000e+00      -5.56045974e+00       6.00000000e+00
      4.32000000e+00      -5.56045973e+00       6.00000000e+00
      4.33000000e+00      -5.56045973e+00       6.00000000e+00
      4.34000000e+00      -5.56045973e+00       6.00000000e+00
      4.35000000e+00      -5.56045972e+00       6.00000000e+00
      4.36000000e+00      -5.56045972e+00       6.00000000e+00
      4.37000000e+00      -5.56045972e+00       6.00000000e+00
      4.38000000e+00      -5.56045971e+00       6.00000000e+00
      4.39000000e+00      -5.56045971e+00       6.00000000e+00
      4.40000000e+00      -5.56045971e+00       6.00000000e+00
      4.41000000e+00      -5.56045971e+00       6.00000000e+00
      4.42000000e+00      -5.56045970e+00       6.00000000e+00
      4.43000000e+00      -5.56045970e+00       6.00000000e+00
      4.44000000e+00      -5.56045970e+00       6.00000000e+00
      4.45000000e+00      -5.56045969e+00       6.00000000e+00
      4.46000000e+00      -5.56045969e+00       6.00000000e+00
      4.47000000e+00      -5.56045969e+00       6.00000000e+00
      4.48000000e+00      -5.56045968e+00       6.00000000e+00
      4.49000000e+00      -5.56045968e+00       6.00000000e+00
      4.50000000e+00      -5.56045968e+00       6.00000000e+00
      4.51000000e+00      -5.56045967e+00       6.00000000e+00
      4.52000000e+00      -5.56045967e+00       6.00000000e+00
      4.53000000e+00      -5.56045967e+00       6.00000000e+00
      4.54000000e+00      -5.56045966e+00       6.00000000e+00
      4.55000000e+00      -5.56045966e+00       6.00000000e+00
      4.56000000e+00      -5.56045966e+00       6.00000000e+00
      4.57000000e+00      -5.56045965e+00       6.00000000e+00
      4.58000000e+00      -5.56045965e+00       6.00000000e+00
      4.59000000e+00      -5.56045965e+00       6.00000000e+00
      4.60000000e+00      -5.56045965e+00       6.00000000e+00
      4.61000000e+00      -5.56045964e+00       6.00000000e+00
      4.62000000e+00      -5.56045964e+00       6.00000000e+00
      4.63000000e+00      -5.56045964e+00       6.00000000e+00
      4.64000000e+00      -5.56045963e+00       6.00000000e+00
      4.65000000e+00      -5.56045963e+00       6.00000000e+00
      4.66000000e+00      -5.56045963e+00       6.00000000e+00
      4.67000000e+00      -5.56045962e+00       6.00000000e+00
      4.68000000e+00      -5.56045962e+00       6.00000000e+00
      4.69000000e+00      -5.56045962e+00       6.00000000e+00
      4.70000000e+00      -5.56045962e+00       6.00000000e+00
      4.71000000e+00      -5.56045961e+00       6.00000000e+00
      4.72000000e+00      -5.56045961e+00       6.00000000e+00
      4.73000000e+00      -5.56045961e+00       6.00000000e+00
      4.74000000e+00      -5.56045960e+00       6.00000000e+00
      4.75000000e+00      -5.56045960e+00       6.00000000e+00
      4.76000000e+00      -5.56045960e+00       6.00000000e+00
      4.77000000e+00      -5.56045960e+00       6.00000000e+00
      4.78000000e+00      -5.56045959e+00       6.00000000e+00
      4.79000000e+00      -5.56045959e+00       6.00000000e+00
      4.80000000e+00      -5.56045959e+00       6.00000000e+00
      4.81000000e+00      -5.56045959e+00       6.00000000e+00
      4.82000000e+00      -5.56045958e+00       6.00000000e+00
      4.83000000e+00      -5.56045958e+00       6.00000000e+00
      4.84000000e+00      -5.56045958e+00       6.00000000e+00
      4.85000000e+00      -5.56045957e+00       6.00000000e+00
      4.86000000e+00      -5.56045957e+00       6.00000000e+00
      4.87000000e+00      -5.56045957e+00       6.00000000e+00
      4.88000000e+00      -5.56045957e+00       6.00000000e+00
      4.89000000e+00      -5.56045956e+00       6.00000000e+00
      4.90000000e+00      -5.56045956e+00       6.00000000e+00
      4.91000000e+00      -5.56045956e+00       6.00000000e+00
      4.92000000e+00      -5.56045956e+00       6.00000000e+00
      4.93000000e+00      -5.56045955e+00       6.00000000e+00
      4.94000000e+00      -5.56045955e+00       6.00000000e+00
      4.95000000e+00      -5.56045955e+00       6.00000000e+00
      4.96000000e+00      -5.56045955e+00       6.00000000e+00
      4.97000000e+00      -5.56045954e+00       6.00000000e+00
      4.98000000e+00      -5.56045954e+00       6.00000000e+00
      4.99000000e+00      -5.56045954e+00       6.00000000e+00
      5.00000000e+00      -5.56045954e+00       6.00000000e+00
