      0.00000000e+00      -1.35924596e+01       1.20000000e+01
      1.00000000e-04      -1.35924598e+01       1.20000000e+01
      2.00000000e-04      -1.35924602e+01       1.20000000e+01
      3.00000000e-04      -1.35924608e+01       1.20000000e+01
      4.00000000e-04      -1.35924616e+01       1.20000000e+01
      5.00000000e-04      -1.35924625e+01       1.20000000e+01
      6.00000000e-04      -1.35924635e+01       1.20000000e+01
      7.00000000e-04      -1.35924646e+01       1.20000000e+01
      8.00000000e-04      -1.35924658e+01       1.20000000e+01
      9.00000000e-04      -1.35924670e+01       1.20000000e+01
      1.00000000e-03      -1.35924684e+01       1.20000000e+01
      1.10000000e-03      -1.35924699e+01       1.20000000e+01
      1.20000000e-03      -1.35924714e+01       1.20000000e+01
      1.30000000e-03      -1.35924731e+01       1.20000000e+01
      1.40000000e-03      -1.35924748e+01       1.20000000e+01
      1.50000000e-03      -1.35924765e+01       1.20000000e+01
      1.60000000e-03      -1.35924783e+01       1.20000000e+01
      1.70000000e-03      -1.35924800e+01       1.20000000e+01
      1.80000000e-03      -1.35924813e+01       1.20000000e+01
      1.90000000e-03      -1.35924792e+01       1.20000000e+01
      2.00000000e-03      -1.35925023e+01       1.20000000e+01
      2.10000000e-03      -1.35924803e+01       1.20000000e+01
      2.20000000e-03      -1.35924631e+01       1.20000000e+01
      2.30000000e-03      -1.35924408e+01       1.20000000e+01
      2.40000000e-03      -1.35924182e+01       1.20000000e+01
      2.50000000e-03      -1.35923992e+01       1.20000000e+01
      2.60000000e-03      -1.35923827e+01       1.20000000e+01
      2.70000000e-03      -1.35923678e+01       1.20000000e+01
      2.80000000e-03      -1.35923524e+01       1.20000000e+01
      2.90000000e-03      -1.35923400e+01       1.20000000e+01
      3.00000000e-03      -1.35923385e+01       1.20000000e+01
      3.10000000e-03      -1.35923369e+01       1.20000000e+01
      3.20000000e-03      -1.35923353e+01       1.20000001e+01
      3.30000000e-03      -1.35923336e+01       1.20000001e+01
      3.40000000e-03      -1.35923318e+01       1.20000001e+01
      3.50000000e-03      -1.35923300e+01       1.20000001e+01
      3.60000000e-03      -1.35923281e+01       1.20000002e+01
      3.70000000e-03      -1.35923262e+01       1.20000002e+01
      3.80000000e-03      -1.35923242e+01       1.20000002e+01
      3.90000000e-03      -1.35923221e+01       1.20000002e+01
      4.00000000e-03      -1.35923199e+01       1.20000002e+01
      4.10000000e-03      -1.35923177e+01       1.20000002e+01
      4.20000000e-03      -1.35923153e+01       1.20000003e+01
      4.30000000e-03      -1.35923129e+01       1.20000003e+01
      4.40000000e-03      -1.35923103e+01       1.20000003e+01
      4.50000000e-03      -1.35923076e+01       1.20000003e+01
      4.60000000e-03      -1.35923047e+01       1.20000003e+01
      4.70000000e-03      -1.35923016e+01       1.20000003e+01
      4.80000000e-03      -1.35922983e+01       1.20000003e+01
      4.90000000e-03      -1.35922945e+01       1.20000003e+01
      5.00000000e-03      -1.35922901e+01       1.20000003e+01
      5.10000000e-03      -1.35922848e+01       1.20000003e+01
      5.20000000e-03      -1.35922778e+01       1.20000003e+01
      5.30000000e-03      -1.35922678e+01       1.20000003e+01
      5.40000000e-03      -1.35922532e+01       1.20000003e+01
      5.50000000e-03      -1.35922383e+01       1.20000003e+01
      5.60000000e-03      -1.35922212e+01       1.20000002e+01
      5.70000000e-03      -1.35922025e+01       1.20000002e+01
      5.80000000e-03      -1.35921827e+01       1.20000002e+01
      5.90000000e-03      -1.35921621e+01       1.20000001e+01
      6.00000000e-03      -1.35921409e+01       1.20000001e+01
      6.10000000e-03      -1.35921195e+01       1.20000001e+01
      6.20000000e-03      -1.35920980e+01       1.20000000e+01
      6.30000000e-03      -1.35920766e+01       1.20000000e+01
      6.40000000e-03      -1.35920555e+01       1.19999999e+01
      6.50000000e-03      -1.35920347e+01       1.19999999e+01
      6.60000000e-03      -1.35920145e+01       1.19999999e+01
      6.70000000e-03      -1.35919951e+01       1.19999998e+01
      6.80000000e-03      -1.35919765e+01       1.19999998e+01
      6.90000000e-03      -1.35919591e+01       1.19999997e+01
      7.00000000e-03      -1.35919433e+01       1.19999997e+01
      7.10000000e-03      -1.35919296e+01       1.19999997e+01
      7.20000000e-03      -1.35919187e+01       1.19999996e+01
      7.30000000e-03      -1.35919115e+01       1.19999996e+01
      7.40000000e-03      -1.35919086e+01       1.19999995e+01
      7.50000000e-03      -1.35919102e+01       1.19999995e+01
      7.60000000e-03      -1.35919155e+01       1.19999995e+01
      7.70000000e-03      -1.35919233e+01       1.19999994e+01
      7.80000000e-03      -1.35919322e+01       1.19999994e+01
      7.90000000e-03      -1.35919411e+01       1.19999994e+01
      8.00000000e-03      -1.35919497e+01       1.19999994e+01
      8.10000000e-03      -1.35919574e+01       1.19999993e+01
      8.20000000e-03      -1.35919641e+01       1.19999993e+01
      8.30000000e-03      -1.35919698e+01       1.19999993e+01
      8.40000000e-03      -1.35919744e+01       1.19999993e+01
      8.50000000e-03      -1.35919779e+01       1.19999993e+01
      8.60000000e-03      -1.35919804e+01       1.19999993e+01
      8.70000000e-03      -1.35919817e+01       1.19999993e+01
      8.80000000e-03      -1.35919819e+01       1.19999993e+01
      8.90000000e-03      -1.35919809e+01       1.19999993e+01
      9.00000000e-03      -1.35919789e+01       1.19999993e+01
      9.10000000e-03      -1.35919756e+01       1.19999993e+01
      9.20000000e-03      -1.35919711e+01       1.19999993e+01
      9.30000000e-03      -1.35919653e+01       1.19999993e+01
      9.40000000e-03      -1.35919582e+01       1.19999993e+01
      9.50000000e-03      -1.35919497e+01       1.19999993e+01
      9.60000000e-03      -1.35919397e+01       1.19999993e+01
      9.70000000e-03      -1.35919282e+01       1.19999993e+01
      9.80000000e-03      -1.35919150e+01       1.19999994e+01
      9.90000000e-03      -1.35919001e+01       1.19999994e+01
      1.00000000e-02      -1.35918834e+01       1.19999994e+01
      1.01000000e-02      -1.35918648e+01       1.19999994e+01
      1.02000000e-02      -1.35918441e+01       1.19999995e+01
      1.03000000e-02      -1.35918212e+01       1.19999995e+01
      1.04000000e-02      -1.35917961e+01       1.19999995e+01
      1.05000000e-02      -1.35917685e+01       1.19999996e+01
      1.06000000e-02      -1.35917384e+01       1.19999996e+01
      1.07000000e-02      -1.35917055e+01       1.19999997e+01
      1.08000000e-02      -1.35916697e+01       1.19999997e+01
      1.09000000e-02      -1.35916306e+01       1.19999997e+01
      1.10000000e-02      -1.35915881e+01       1.19999998e+01
      1.11000000e-02      -1.35915416e+01       1.19999998e+01
      1.12000000e-02      -1.35914902e+01       1.19999999e+01
      1.13000000e-02      -1.35914324e+01       1.19999999e+01
      1.14000000e-02      -1.35913636e+01       1.20000000e+01
      1.15000000e-02      -1.35912691e+01       1.20000000e+01
      1.16000000e-02      -1.35912403e+01       1.20000001e+01
      1.17000000e-02      -1.35911394e+01       1.20000001e+01
      1.18000000e-02      -1.35911175e+01       1.20000001e+01
      1.19000000e-02      -1.35910596e+01       1.20000002e+01
      1.20000000e-02      -1.35909902e+01       1.20000002e+01
      1.21000000e-02      -1.35909181e+01       1.20000002e+01
      1.22000000e-02      -1.35907816e+01       1.20000002e+01
      1.23000000e-02      -1.35907548e+01       1.20000002e+01
      1.24000000e-02      -1.35907277e+01       1.20000002e+01
      1.25000000e-02      -1.35907001e+01       1.20000002e+01
      1.26000000e-02      -1.35906722e+01       1.20000002e+01
      1.27000000e-02      -1.35906437e+01       1.20000001e+01
      1.28000000e-02      -1.35906149e+01       1.20000001e+01
      1.29000000e-02      -1.35905855e+01       1.20000001e+01
      1.30000000e-02      -1.35905557e+01       1.20000001e+01
      1.31000000e-02      -1.35905254e+01       1.20000001e+01
      1.32000000e-02      -1.35904945e+01       1.20000001e+01
      1.33000000e-02      -1.35904631e+01       1.20000001e+01
      1.34000000e-02      -1.35904310e+01       1.20000000e+01
      1.35000000e-02      -1.35903983e+01       1.20000000e+01
      1.36000000e-02      -1.35903649e+01       1.20000000e+01
      1.37000000e-02      -1.35903308e+01       1.20000000e+01
      1.38000000e-02      -1.35902958e+01       1.19999999e+01
      1.39000000e-02      -1.35902598e+01       1.19999999e+01
      1.40000000e-02      -1.35902229e+01       1.19999999e+01
      1.41000000e-02      -1.35901848e+01       1.19999999e+01
      1.42000000e-02      -1.35901453e+01       1.19999998e+01
      1.43000000e-02      -1.35901044e+01       1.19999998e+01
      1.44000000e-02      -1.35900617e+01       1.19999998e+01
      1.45000000e-02      -1.35900171e+01       1.19999997e+01
      1.46000000e-02      -1.35899709e+01       1.19999997e+01
      1.47000000e-02      -1.35899237e+01       1.19999997e+01
      1.48000000e-02      -1.35898768e+01       1.19999996e+01
      1.49000000e-02      -1.35898314e+01       1.19999996e+01
      1.50000000e-02      -1.35897876e+01       1.19999995e+01
      1.51000000e-02      -1.35897449e+01       1.19999995e+01
      1.52000000e-02      -1.35897025e+01       1.19999994e+01
      1.53000000e-02      -1.35896599e+01       1.19999994e+01
      1.54000000e-02      -1.35896166e+01       1.19999993e+01
      1.55000000e-02      -1.35895723e+01       1.19999993e+01
      1.56000000e-02      -1.35895267e+01       1.19999992e+01
      1.57000000e-02      -1.35894797e+01       1.19999992e+01
      1.58000000e-02      -1.35894313e+01       1.19999991e+01
      1.59000000e-02      -1.35893813e+01       1.19999991e+01
      1.60000000e-02      -1.35893297e+01       1.19999990e+01
      1.61000000e-02      -1.35892765e+01       1.19999989e+01
      1.62000000e-02      -1.35892218e+01       1.19999989e+01
      1.63000000e-02      -1.35891657e+01       1.19999988e+01
      1.64000000e-02      -1.35891081e+01       1.19999988e+01
      1.65000000e-02      -1.35890494e+01       1.19999987e+01
      1.66000000e-02      -1.35889895e+01       1.19999986e+01
      1.67000000e-02      -1.35889288e+01       1.19999986e+01
      1.68000000e-02      -1.35888675e+01       1.19999985e+01
      1.69000000e-02      -1.35888058e+01       1.19999984e+01
      1.70000000e-02      -1.35887441e+01       1.19999983e+01
      1.71000000e-02      -1.35886827e+01       1.19999983e+01
      1.72000000e-02      -1.35886217e+01       1.19999982e+01
      1.73000000e-02      -1.35885617e+01       1.19999981e+01
      1.74000000e-02      -1.35885027e+01       1.19999980e+01
      1.75000000e-02      -1.35884452e+01       1.19999980e+01
      1.76000000e-02      -1.35883891e+01       1.19999979e+01
      1.77000000e-02      -1.35883349e+01       1.19999978e+01
      1.78000000e-02      -1.35882824e+01       1.19999977e+01
      1.79000000e-02      -1.35882319e+01       1.19999976e+01
      1.80000000e-02      -1.35881833e+01       1.19999976e+01
      1.81000000e-02      -1.35881367e+01       1.19999975e+01
      1.82000000e-02      -1.35880921e+01       1.19999974e+01
      1.83000000e-02      -1.35880495e+01       1.19999973e+01
      1.84000000e-02      -1.35880087e+01       1.19999972e+01
      1.85000000e-02      -1.35879698e+01       1.19999971e+01
      1.86000000e-02      -1.35879327e+01       1.19999970e+01
      1.87000000e-02      -1.35878974e+01       1.19999970e+01
      1.88000000e-02      -1.35878641e+01       1.19999969e+01
      1.89000000e-02      -1.35878335e+01       1.19999968e+01
      1.90000000e-02      -1.35878064e+01       1.19999967e+01
      1.91000000e-02      -1.35877841e+01       1.19999966e+01
      1.92000000e-02      -1.35877666e+01       1.19999965e+01
      1.93000000e-02      -1.35877529e+01       1.19999964e+01
      1.94000000e-02      -1.35877420e+01       1.19999963e+01
      1.95000000e-02      -1.35877332e+01       1.19999962e+01
      1.96000000e-02      -1.35877260e+01       1.19999961e+01
      1.97000000e-02      -1.35877200e+01       1.19999960e+01
      1.98000000e-02      -1.35877151e+01       1.19999959e+01
      1.99000000e-02      -1.35877112e+01       1.19999958e+01
      2.00000000e-02      -1.35877082e+01       1.19999957e+01
      2.01000000e-02      -1.35877061e+01       1.19999956e+01
      2.02000000e-02      -1.35877049e+01       1.19999955e+01
      2.03000000e-02      -1.35877046e+01       1.19999954e+01
      2.04000000e-02      -1.35877053e+01       1.19999953e+01
      2.05000000e-02      -1.35877070e+01       1.19999952e+01
      2.06000000e-02      -1.35877098e+01       1.19999951e+01
      2.07000000e-02      -1.35877138e+01       1.19999951e+01
      2.08000000e-02      -1.35877193e+01       1.19999950e+01
      2.09000000e-02      -1.35877262e+01       1.19999949e+01
      2.10000000e-02      -1.35877350e+01       1.19999948e+01
      2.11000000e-02      -1.35877461e+01       1.19999947e+01
      2.12000000e-02      -1.35877599e+01       1.19999946e+01
      2.13000000e-02      -1.35877776e+01       1.19999945e+01
      2.14000000e-02      -1.35878014e+01       1.19999944e+01
      2.15000000e-02      -1.35878402e+01       1.19999943e+01
      2.16000000e-02      -1.35879828e+01       1.19999942e+01
      2.17000000e-02      -1.35880150e+01       1.19999941e+01
      2.18000000e-02      -1.35879912e+01       1.19999940e+01
      2.19000000e-02      -1.35879465e+01       1.19999939e+01
      2.20000000e-02      -1.35878343e+01       1.19999938e+01
      2.21000000e-02      -1.35880492e+01       1.19999937e+01
      2.22000000e-02      -1.35879969e+01       1.19999936e+01
      2.23000000e-02      -1.35880192e+01       1.19999935e+01
      2.24000000e-02      -1.35880413e+01       1.19999934e+01
      2.25000000e-02      -1.35880633e+01       1.19999933e+01
      2.26000000e-02      -1.35880853e+01       1.19999932e+01
      2.27000000e-02      -1.35881069e+01       1.19999931e+01
      2.28000000e-02      -1.35881274e+01       1.19999930e+01
      2.29000000e-02      -1.35881457e+01       1.19999929e+01
      2.30000000e-02      -1.35881604e+01       1.19999928e+01
      2.31000000e-02      -1.35881716e+01       1.19999927e+01
      2.32000000e-02      -1.35881807e+01       1.19999927e+01
      2.33000000e-02      -1.35881888e+01       1.19999926e+01
      2.34000000e-02      -1.35881967e+01       1.19999925e+01
      2.35000000e-02      -1.35882046e+01       1.19999924e+01
      2.36000000e-02      -1.35882127e+01       1.19999923e+01
      2.37000000e-02      -1.35882210e+01       1.19999922e+01
      2.38000000e-02      -1.35882295e+01       1.19999921e+01
      2.39000000e-02      -1.35882381e+01       1.19999920e+01
      2.40000000e-02      -1.35882470e+01       1.19999919e+01
      2.41000000e-02      -1.35882560e+01       1.19999918e+01
      2.42000000e-02      -1.35882652e+01       1.19999918e+01
      2.43000000e-02      -1.35882744e+01       1.19999917e+01
      2.44000000e-02      -1.35882838e+01       1.19999916e+01
      2.45000000e-02      -1.35882932e+01       1.19999915e+01
      2.46000000e-02      -1.35883026e+01       1.19999914e+01
      2.47000000e-02      -1.35883121e+01       1.19999913e+01
      2.48000000e-02      -1.35883216e+01       1.19999912e+01
      2.49000000e-02      -1.35883310e+01       1.19999912e+01
      2.50000000e-02      -1.35883404e+01       1.19999911e+01
      2.51000000e-02      -1.35883498e+01       1.19999910e+01
      2.52000000e-02      -1.35883590e+01       1.19999909e+01
      2.53000000e-02      -1.35883682e+01       1.19999908e+01
      2.54000000e-02      -1.35883773e+01       1.19999907e+01
      2.55000000e-02      -1.35883862e+01       1.19999907e+01
      2.56000000e-02      -1.35883951e+01       1.19999906e+01
      2.57000000e-02      -1.35884038e+01       1.19999905e+01
      2.58000000e-02      -1.35884124e+01       1.19999904e+01
      2.59000000e-02      -1.35884209e+01       1.19999903e+01
      2.60000000e-02      -1.35884292e+01       1.19999902e+01
      2.61000000e-02      -1.35884375e+01       1.19999902e+01
      2.62000000e-02      -1.35884456e+01       1.19999901e+01
      2.63000000e-02      -1.35884535e+01       1.19999900e+01
      2.64000000e-02      -1.35884614e+01       1.19999899e+01
      2.65000000e-02      -1.35884693e+01       1.19999898e+01
      2.66000000e-02      -1.35884771e+01       1.19999898e+01
      2.67000000e-02      -1.35884849e+01       1.19999897e+01
      2.68000000e-02      -1.35884928e+01       1.19999896e+01
      2.69000000e-02      -1.35885009e+01       1.19999895e+01
      2.70000000e-02      -1.35885093e+01       1.19999894e+01
      2.71000000e-02      -1.35885181e+01       1.19999894e+01
      2.72000000e-02      -1.35885276e+01       1.19999893e+01
      2.73000000e-02      -1.35885382e+01       1.19999892e+01
      2.74000000e-02      -1.35885502e+01       1.19999891e+01
      2.75000000e-02      -1.35885645e+01       1.19999891e+01
      2.76000000e-02      -1.35885862e+01       1.19999890e+01
      2.77000000e-02      -1.35885721e+01       1.19999889e+01
      2.78000000e-02      -1.35885429e+01       1.19999889e+01
      2.79000000e-02      -1.35885126e+01       1.19999888e+01
      2.80000000e-02      -1.35884827e+01       1.19999887e+01
      2.81000000e-02      -1.35884570e+01       1.19999886e+01
      2.82000000e-02      -1.35884358e+01       1.19999886e+01
      2.83000000e-02      -1.35884180e+01       1.19999885e+01
      2.84000000e-02      -1.35884027e+01       1.19999884e+01
      2.85000000e-02      -1.35883892e+01       1.19999884e+01
      2.86000000e-02      -1.35883771e+01       1.19999883e+01
      2.87000000e-02      -1.35883659e+01       1.19999882e+01
      2.88000000e-02      -1.35883554e+01       1.19999882e+01
      2.89000000e-02      -1.35883454e+01       1.19999881e+01
      2.90000000e-02      -1.35883358e+01       1.19999880e+01
      2.91000000e-02      -1.35883263e+01       1.19999880e+01
      2.92000000e-02      -1.35883168e+01       1.19999879e+01
      2.93000000e-02      -1.35883072e+01       1.19999878e+01
      2.94000000e-02      -1.35882972e+01       1.19999877e+01
      2.95000000e-02      -1.35882865e+01       1.19999877e+01
      2.96000000e-02      -1.35882748e+01       1.19999876e+01
      2.97000000e-02      -1.35882613e+01       1.19999875e+01
      2.98000000e-02      -1.35882449e+01       1.19999875e+01
      2.99000000e-02      -1.35882229e+01       1.19999874e+01
      3.00000000e-02      -1.35881862e+01       1.19999873e+01
      3.01000000e-02      -1.35882555e+01       1.19999873e+01
      3.02000000e-02      -1.35882993e+01       1.19999872e+01
      3.03000000e-02      -1.35867404e+01       1.19999871e+01
      3.04000000e-02      -1.35867415e+01       1.19999870e+01
      3.05000000e-02      -1.35867427e+01       1.19999869e+01
      3.06000000e-02      -1.35867439e+01       1.19999869e+01
      3.07000000e-02      -1.35867451e+01       1.19999868e+01
      3.08000000e-02      -1.35867463e+01       1.19999867e+01
      3.09000000e-02      -1.35867476e+01       1.19999866e+01
      3.10000000e-02      -1.35867488e+01       1.19999865e+01
      3.11000000e-02      -1.35867501e+01       1.19999864e+01
      3.12000000e-02      -1.35867513e+01       1.19999863e+01
      3.13000000e-02      -1.35867526e+01       1.19999862e+01
      3.14000000e-02      -1.35867539e+01       1.19999861e+01
      3.15000000e-02      -1.35867552e+01       1.19999860e+01
      3.16000000e-02      -1.35867566e+01       1.19999859e+01
      3.17000000e-02      -1.35867579e+01       1.19999858e+01
      3.18000000e-02      -1.35867592e+01       1.19999858e+01
      3.19000000e-02      -1.35867606e+01       1.19999857e+01
      3.20000000e-02      -1.35867620e+01       1.19999856e+01
      3.21000000e-02      -1.35867634e+01       1.19999855e+01
      3.22000000e-02      -1.35867648e+01       1.19999854e+01
      3.23000000e-02      -1.35867662e+01       1.19999853e+01
      3.24000000e-02      -1.35867676e+01       1.19999852e+01
      3.25000000e-02      -1.35867691e+01       1.19999851e+01
      3.26000000e-02      -1.35867706e+01       1.19999850e+01
      3.27000000e-02      -1.35867720e+01       1.19999849e+01
      3.28000000e-02      -1.35867735e+01       1.19999849e+01
      3.29000000e-02      -1.35867750e+01       1.19999848e+01
      3.30000000e-02      -1.35867765e+01       1.19999847e+01
      3.31000000e-02      -1.35867781e+01       1.19999846e+01
      3.32000000e-02      -1.35867796e+01       1.19999845e+01
      3.33000000e-02      -1.35867812e+01       1.19999844e+01
      3.34000000e-02      -1.35867827e+01       1.19999843e+01
      3.35000000e-02      -1.35867843e+01       1.19999842e+01
      3.36000000e-02      -1.35867859e+01       1.19999842e+01
      3.37000000e-02      -1.35867876e+01       1.19999841e+01
      3.38000000e-02      -1.35867892e+01       1.19999840e+01
      3.39000000e-02      -1.35867908e+01       1.19999839e+01
      3.40000000e-02      -1.35867925e+01       1.19999838e+01
      3.41000000e-02      -1.35867942e+01       1.19999837e+01
      3.42000000e-02      -1.35867959e+01       1.19999836e+01
      3.43000000e-02      -1.35867976e+01       1.19999836e+01
      3.44000000e-02      -1.35867993e+01       1.19999835e+01
      3.45000000e-02      -1.35868010e+01       1.19999834e+01
      3.46000000e-02      -1.35868028e+01       1.19999833e+01
      3.47000000e-02      -1.35868045e+01       1.19999832e+01
      3.48000000e-02      -1.35868063e+01       1.19999831e+01
      3.49000000e-02      -1.35868081e+01       1.19999831e+01
      3.50000000e-02      -1.35868099e+01       1.19999830e+01
      3.51000000e-02      -1.35868118e+01       1.19999829e+01
      3.52000000e-02      -1.35868136e+01       1.19999828e+01
      3.53000000e-02      -1.35868155e+01       1.19999827e+01
      3.54000000e-02      -1.35868173e+01       1.19999826e+01
      3.55000000e-02      -1.35868192e+01       1.19999826e+01
      3.56000000e-02      -1.35868211e+01       1.19999825e+01
      3.57000000e-02      -1.35868231e+01       1.19999824e+01
      3.58000000e-02      -1.35868250e+01       1.19999823e+01
      3.59000000e-02      -1.35868269e+01       1.19999822e+01
      3.60000000e-02      -1.35868289e+01       1.19999821e+01
      3.61000000e-02      -1.35868309e+01       1.19999821e+01
      3.62000000e-02      -1.35868329e+01       1.19999820e+01
      3.63000000e-02      -1.35868349e+01       1.19999819e+01
      3.64000000e-02      -1.35868370e+01       1.19999818e+01
      3.65000000e-02      -1.35868390e+01       1.19999817e+01
      3.66000000e-02      -1.35868411e+01       1.19999817e+01
      3.67000000e-02      -1.35868432e+01       1.19999816e+01
      3.68000000e-02      -1.35868453e+01       1.19999815e+01
      3.69000000e-02      -1.35868474e+01       1.19999814e+01
      3.70000000e-02      -1.35868495e+01       1.19999813e+01
      3.71000000e-02      -1.35868517e+01       1.19999813e+01
      3.72000000e-02      -1.35868539e+01       1.19999812e+01
      3.73000000e-02      -1.35868561e+01       1.19999811e+01
      3.74000000e-02      -1.35868583e+01       1.19999810e+01
      3.75000000e-02      -1.35868605e+01       1.19999809e+01
      3.76000000e-02      -1.35868627e+01       1.19999809e+01
      3.77000000e-02      -1.35868650e+01       1.19999808e+01
      3.78000000e-02      -1.35868673e+01       1.19999807e+01
      3.79000000e-02      -1.35868696e+01       1.19999806e+01
      3.80000000e-02      -1.35868719e+01       1.19999805e+01
      3.81000000e-02      -1.35868742e+01       1.19999805e+01
      3.82000000e-02      -1.35868766e+01       1.19999804e+01
      3.83000000e-02      -1.35868789e+01       1.19999803e+01
      3.84000000e-02      -1.35868813e+01       1.19999802e+01
      3.85000000e-02      -1.35868837e+01       1.19999802e+01
      3.86000000e-02      -1.35868861e+01       1.19999801e+01
      3.87000000e-02      -1.35868886e+01       1.19999800e+01
      3.88000000e-02      -1.35868911e+01       1.19999799e+01
      3.89000000e-02      -1.35868935e+01       1.19999798e+01
      3.90000000e-02      -1.35868960e+01       1.19999798e+01
      3.91000000e-02      -1.35868986e+01       1.19999797e+01
      3.92000000e-02      -1.35869011e+01       1.19999796e+01
      3.93000000e-02      -1.35869037e+01       1.19999795e+01
      3.94000000e-02      -1.35869062e+01       1.19999795e+01
      3.95000000e-02      -1.35869088e+01       1.19999794e+01
      3.96000000e-02      -1.35869115e+01       1.19999793e+01
      3.97000000e-02      -1.35869141e+01       1.19999792e+01
      3.98000000e-02      -1.35869168e+01       1.19999792e+01
      3.99000000e-02      -1.35869195e+01       1.19999791e+01
      4.00000000e-02      -1.35869222e+01       1.19999790e+01
      4.01000000e-02      -1.35869249e+01       1.19999789e+01
      4.02000000e-02      -1.35869276e+01       1.19999789e+01
      4.03000000e-02      -1.35869304e+01       1.19999788e+01
      4.04000000e-02      -1.35869332e+01       1.19999787e+01
      4.05000000e-02      -1.35869360e+01       1.19999786e+01
      4.06000000e-02      -1.35869388e+01       1.19999786e+01
      4.07000000e-02      -1.35869417e+01       1.19999785e+01
      4.08000000e-02      -1.35869446e+01       1.19999784e+01
      4.09000000e-02      -1.35869475e+01       1.19999783e+01
      4.10000000e-02      -1.35869504e+01       1.19999783e+01
      4.11000000e-02      -1.35869533e+01       1.19999782e+01
      4.12000000e-02      -1.35869563e+01       1.19999781e+01
      4.13000000e-02      -1.35869593e+01       1.19999780e+01
      4.14000000e-02      -1.35869623e+01       1.19999780e+01
      4.15000000e-02      -1.35869653e+01       1.19999779e+01
      4.16000000e-02      -1.35869684e+01       1.19999778e+01
      4.17000000e-02      -1.35869715e+01       1.19999778e+01
      4.18000000e-02      -1.35869746e+01       1.19999777e+01
      4.19000000e-02      -1.35869777e+01       1.19999776e+01
      4.20000000e-02      -1.35869809e+01       1.19999775e+01
      4.21000000e-02      -1.35869840e+01       1.19999775e+01
      4.22000000e-02      -1.35869872e+01       1.19999774e+01
      4.23000000e-02      -1.35869905e+01       1.19999773e+01
      4.24000000e-02      -1.35869937e+01       1.19999772e+01
      4.25000000e-02      -1.35869970e+01       1.19999772e+01
      4.26000000e-02      -1.35870003e+01       1.19999771e+01
      4.27000000e-02      -1.35870036e+01       1.19999770e+01
      4.28000000e-02      -1.35870070e+01       1.19999770e+01
      4.29000000e-02      -1.35870104e+01       1.19999769e+01
      4.30000000e-02      -1.35870138e+01       1.19999768e+01
      4.31000000e-02      -1.35870172e+01       1.19999767e+01
      4.32000000e-02      -1.35870207e+01       1.19999767e+01
      4.33000000e-02      -1.35870242e+01       1.19999766e+01
      4.34000000e-02      -1.35870277e+01       1.19999765e+01
      4.35000000e-02      -1.35870313e+01       1.19999765e+01
      4.36000000e-02      -1.35870349e+01       1.19999764e+01
      4.37000000e-02      -1.35870385e+01       1.19999763e+01
      4.38000000e-02      -1.35870421e+01       1.19999763e+01
      4.39000000e-02      -1.35870458e+01       1.19999762e+01
      4.40000000e-02      -1.35870495e+01       1.19999761e+01
      4.41000000e-02      -1.35870532e+01       1.19999760e+01
      4.42000000e-02      -1.35870569e+01       1.19999760e+01
      4.43000000e-02      -1.35870607e+01       1.19999759e+01
      4.44000000e-02      -1.35870645e+01       1.19999758e+01
      4.45000000e-02      -1.35870684e+01       1.19999758e+01
      4.46000000e-02      -1.35870723e+01       1.19999757e+01
      4.47000000e-02      -1.35870762e+01       1.19999756e+01
      4.48000000e-02      -1.35870801e+01       1.19999756e+01
      4.49000000e-02      -1.35870841e+01       1.19999755e+01
      4.50000000e-02      -1.35870881e+01       1.19999754e+01
      4.51000000e-02      -1.35870921e+01       1.19999753e+01
      4.52000000e-02      -1.35870962e+01       1.19999753e+01
      4.53000000e-02      -1.35871003e+01       1.19999752e+01
      4.54000000e-02      -1.35871045e+01       1.19999751e+01
      4.55000000e-02      -1.35871086e+01       1.19999751e+01
      4.56000000e-02      -1.35871128e+01       1.19999750e+01
      4.57000000e-02      -1.35871171e+01       1.19999749e+01
      4.58000000e-02      -1.35871214e+01       1.19999749e+01
      4.59000000e-02      -1.35871257e+01       1.19999748e+01
      4.60000000e-02      -1.35871300e+01       1.19999747e+01
      4.61000000e-02      -1.35871344e+01       1.19999747e+01
      4.62000000e-02      -1.35871389e+01       1.19999746e+01
      4.63000000e-02      -1.35871433e+01       1.19999745e+01
      4.64000000e-02      -1.35871478e+01       1.19999744e+01
      4.65000000e-02      -1.35871524e+01       1.19999744e+01
      4.66000000e-02      -1.35871570e+01       1.19999743e+01
      4.67000000e-02      -1.35871616e+01       1.19999742e+01
      4.68000000e-02      -1.35871662e+01       1.19999742e+01
      4.69000000e-02      -1.35871709e+01       1.19999741e+01
      4.70000000e-02      -1.35871757e+01       1.19999740e+01
      4.71000000e-02      -1.35871804e+01       1.19999740e+01
      4.72000000e-02      -1.35871853e+01       1.19999739e+01
      4.73000000e-02      -1.35871901e+01       1.19999738e+01
      4.74000000e-02      -1.35871950e+01       1.19999738e+01
      4.75000000e-02      -1.35872000e+01       1.19999737e+01
      4.76000000e-02      -1.35872050e+01       1.19999736e+01
      4.77000000e-02      -1.35872100e+01       1.19999736e+01
      4.78000000e-02      -1.35872151e+01       1.19999735e+01
      4.79000000e-02      -1.35872202e+01       1.19999734e+01
      4.80000000e-02      -1.35872253e+01       1.19999733e+01
      4.81000000e-02      -1.35872305e+01       1.19999733e+01
      4.82000000e-02      -1.35872358e+01       1.19999732e+01
      4.83000000e-02      -1.35872411e+01       1.19999731e+01
      4.84000000e-02      -1.35872464e+01       1.19999731e+01
      4.85000000e-02      -1.35872518e+01       1.19999730e+01
      4.86000000e-02      -1.35872572e+01       1.19999729e+01
      4.87000000e-02      -1.35872627e+01       1.19999729e+01
      4.88000000e-02      -1.35872682e+01       1.19999728e+01
      4.89000000e-02      -1.35872738e+01       1.19999727e+01
      4.90000000e-02      -1.35872794e+01       1.19999727e+01
      4.91000000e-02      -1.35872850e+01       1.19999726e+01
      4.92000000e-02      -1.35872907e+01       1.19999725e+01
      4.93000000e-02      -1.35872965e+01       1.19999724e+01
      4.94000000e-02      -1.35873023e+01       1.19999724e+01
      4.95000000e-02      -1.35873081e+01       1.19999723e+01
      4.96000000e-02      -1.35873140e+01       1.19999722e+01
      4.97000000e-02      -1.35873199e+01       1.19999722e+01
      4.98000000e-02      -1.35873259e+01       1.19999721e+01
      4.99000000e-02      -1.35873319e+01       1.19999720e+01
      5.00000000e-02      -1.35873379e+01       1.19999720e+01
      5.01000000e-02      -1.35873440e+01       1.19999719e+01
      5.02000000e-02      -1.35873501e+01       1.19999718e+01
      5.03000000e-02      -1.35873563e+01       1.19999718e+01
      5.04000000e-02      -1.35873625e+01       1.19999717e+01
      5.05000000e-02      -1.35873687e+01       1.19999716e+01
      5.06000000e-02      -1.35873750e+01       1.19999715e+01
      5.07000000e-02      -1.35873813e+01       1.19999715e+01
      5.08000000e-02      -1.35873876e+01       1.19999714e+01
      5.09000000e-02      -1.35873940e+01       1.19999713e+01
      5.10000000e-02      -1.35874003e+01       1.19999713e+01
      5.11000000e-02      -1.35874067e+01       1.19999712e+01
      5.12000000e-02      -1.35874131e+01       1.19999711e+01
      5.13000000e-02      -1.35874195e+01       1.19999710e+01
      5.14000000e-02      -1.35874259e+01       1.19999710e+01
      5.15000000e-02      -1.35874323e+01       1.19999709e+01
      5.16000000e-02      -1.35874387e+01       1.19999708e+01
      5.17000000e-02      -1.35874451e+01       1.19999708e+01
      5.18000000e-02      -1.35874515e+01       1.19999707e+01
      5.19000000e-02      -1.35874578e+01       1.19999706e+01
      5.20000000e-02      -1.35874641e+01       1.19999705e+01
      5.21000000e-02      -1.35874703e+01       1.19999705e+01
      5.22000000e-02      -1.35874764e+01       1.19999704e+01
      5.23000000e-02      -1.35874825e+01       1.19999703e+01
      5.24000000e-02      -1.35874885e+01       1.19999702e+01
      5.25000000e-02      -1.35874943e+01       1.19999702e+01
      5.26000000e-02      -1.35875000e+01       1.19999701e+01
      5.27000000e-02      -1.35875054e+01       1.19999700e+01
      5.28000000e-02      -1.35875107e+01       1.19999699e+01
      5.29000000e-02      -1.35875158e+01       1.19999699e+01
      5.30000000e-02      -1.35875205e+01       1.19999698e+01
      5.31000000e-02      -1.35875248e+01       1.19999697e+01
      5.32000000e-02      -1.35875287e+01       1.19999696e+01
      5.33000000e-02      -1.35875319e+01       1.19999696e+01
      5.34000000e-02      -1.35875344e+01       1.19999695e+01
      5.35000000e-02      -1.35875356e+01       1.19999694e+01
      5.36000000e-02      -1.35875345e+01       1.19999693e+01
      5.37000000e-02      -1.35875440e+01       1.19999693e+01
      5.38000000e-02      -1.35875471e+01       1.19999692e+01
      5.39000000e-02      -1.35875498e+01       1.19999691e+01
      5.40000000e-02      -1.35875517e+01       1.19999690e+01
      5.41000000e-02      -1.35875529e+01       1.19999689e+01
      5.42000000e-02      -1.35875528e+01       1.19999689e+01
      5.43000000e-02      -1.35875506e+01       1.19999688e+01
      5.44000000e-02      -1.35875413e+01       1.19999687e+01
      5.45000000e-02      -1.35875407e+01       1.19999686e+01
      5.46000000e-02      -1.35878935e+01       1.19999685e+01
      5.47000000e-02      -1.35878950e+01       1.19999684e+01
      5.48000000e-02      -1.35878966e+01       1.19999683e+01
      5.49000000e-02      -1.35878981e+01       1.19999682e+01
      5.50000000e-02      -1.35878997e+01       1.19999680e+01
      5.51000000e-02      -1.35879013e+01       1.19999679e+01
      5.52000000e-02      -1.35879030e+01       1.19999678e+01
      5.53000000e-02      -1.35879047e+01       1.19999677e+01
      5.54000000e-02      -1.35879064e+01       1.19999675e+01
      5.55000000e-02      -1.35879081e+01       1.19999674e+01
      5.56000000e-02      -1.35879099e+01       1.19999673e+01
      5.57000000e-02      -1.35879117e+01       1.19999672e+01
      5.58000000e-02      -1.35879135e+01       1.19999671e+01
      5.59000000e-02      -1.35879154e+01       1.19999670e+01
      5.60000000e-02      -1.35879172e+01       1.19999668e+01
      5.61000000e-02      -1.35879191e+01       1.19999667e+01
      5.62000000e-02      -1.35879211e+01       1.19999666e+01
      5.63000000e-02      -1.35879230e+01       1.19999665e+01
      5.64000000e-02      -1.35879250e+01       1.19999664e+01
      5.65000000e-02      -1.35879271e+01       1.19999663e+01
      5.66000000e-02      -1.35879291e+01       1.19999662e+01
      5.67000000e-02      -1.35879312e+01       1.19999661e+01
      5.68000000e-02      -1.35879333e+01       1.19999660e+01
      5.69000000e-02      -1.35879354e+01       1.19999659e+01
      5.70000000e-02      -1.35879376e+01       1.19999657e+01
      5.71000000e-02      -1.35879398e+01       1.19999656e+01
      5.72000000e-02      -1.35879420e+01       1.19999655e+01
      5.73000000e-02      -1.35879442e+01       1.19999654e+01
      5.74000000e-02      -1.35879465e+01       1.19999653e+01
      5.75000000e-02      -1.35879488e+01       1.19999652e+01
      5.76000000e-02      -1.35879511e+01       1.19999651e+01
      5.77000000e-02      -1.35879535e+01       1.19999650e+01
      5.78000000e-02      -1.35879558e+01       1.19999649e+01
      5.79000000e-02      -1.35879582e+01       1.19999648e+01
      5.80000000e-02      -1.35879607e+01       1.19999647e+01
      5.81000000e-02      -1.35879631e+01       1.19999646e+01
      5.82000000e-02      -1.35879656e+01       1.19999646e+01
      5.83000000e-02      -1.35879681e+01       1.19999645e+01
      5.84000000e-02      -1.35879707e+01       1.19999644e+01
      5.85000000e-02      -1.35879732e+01       1.19999643e+01
      5.86000000e-02      -1.35879758e+01       1.19999642e+01
      5.87000000e-02      -1.35879784e+01       1.19999641e+01
      5.88000000e-02      -1.35879811e+01       1.19999640e+01
      5.89000000e-02      -1.35879837e+01       1.19999639e+01
      5.90000000e-02      -1.35879864e+01       1.19999638e+01
      5.91000000e-02      -1.35879892e+01       1.19999637e+01
      5.92000000e-02      -1.35879919e+01       1.19999637e+01
      5.93000000e-02      -1.35879947e+01       1.19999636e+01
      5.94000000e-02      -1.35879975e+01       1.19999635e+01
      5.95000000e-02      -1.35880003e+01       1.19999634e+01
      5.96000000e-02      -1.35880032e+01       1.19999633e+01
      5.97000000e-02      -1.35880061e+01       1.19999633e+01
      5.98000000e-02      -1.35880090e+01       1.19999632e+01
      5.99000000e-02      -1.35880119e+01       1.19999631e+01
      6.00000000e-02      -1.35880148e+01       1.19999630e+01
      6.01000000e-02      -1.35880178e+01       1.19999629e+01
      6.02000000e-02      -1.35880208e+01       1.19999629e+01
      6.03000000e-02      -1.35880239e+01       1.19999628e+01
      6.04000000e-02      -1.35880269e+01       1.19999627e+01
      6.05000000e-02      -1.35880300e+01       1.19999627e+01
      6.06000000e-02      -1.35880331e+01       1.19999626e+01
      6.07000000e-02      -1.35880363e+01       1.19999625e+01
      6.08000000e-02      -1.35880394e+01       1.19999624e+01
      6.09000000e-02      -1.35880426e+01       1.19999624e+01
      6.10000000e-02      -1.35880458e+01       1.19999623e+01
      6.11000000e-02      -1.35880491e+01       1.19999622e+01
      6.12000000e-02      -1.35880523e+01       1.19999622e+01
      6.13000000e-02      -1.35880556e+01       1.19999621e+01
      6.14000000e-02      -1.35880589e+01       1.19999620e+01
      6.15000000e-02      -1.35880623e+01       1.19999620e+01
      6.16000000e-02      -1.35880657e+01       1.19999619e+01
      6.17000000e-02      -1.35880690e+01       1.19999619e+01
      6.18000000e-02      -1.35880725e+01       1.19999618e+01
      6.19000000e-02      -1.35880759e+01       1.19999617e+01
      6.20000000e-02      -1.35880794e+01       1.19999617e+01
      6.21000000e-02      -1.35880828e+01       1.19999616e+01
      6.22000000e-02      -1.35880864e+01       1.19999616e+01
      6.23000000e-02      -1.35880899e+01       1.19999615e+01
      6.24000000e-02      -1.35880935e+01       1.19999615e+01
      6.25000000e-02      -1.35880971e+01       1.19999614e+01
      6.26000000e-02      -1.35881007e+01       1.19999614e+01
      6.27000000e-02      -1.35881043e+01       1.19999613e+01
      6.28000000e-02      -1.35881080e+01       1.19999612e+01
      6.29000000e-02      -1.35881117e+01       1.19999612e+01
      6.30000000e-02      -1.35881154e+01       1.19999612e+01
      6.31000000e-02      -1.35881191e+01       1.19999611e+01
      6.32000000e-02      -1.35881229e+01       1.19999611e+01
      6.33000000e-02      -1.35881266e+01       1.19999610e+01
      6.34000000e-02      -1.35881304e+01       1.19999610e+01
      6.35000000e-02      -1.35881343e+01       1.19999609e+01
      6.36000000e-02      -1.35881381e+01       1.19999609e+01
      6.37000000e-02      -1.35881420e+01       1.19999608e+01
      6.38000000e-02      -1.35881459e+01       1.19999608e+01
      6.39000000e-02      -1.35881498e+01       1.19999608e+01
      6.40000000e-02      -1.35881538e+01       1.19999607e+01
      6.41000000e-02      -1.35881578e+01       1.19999607e+01
      6.42000000e-02      -1.35881618e+01       1.19999606e+01
      6.43000000e-02      -1.35881658e+01       1.19999606e+01
      6.44000000e-02      -1.35881698e+01       1.19999606e+01
      6.45000000e-02      -1.35881739e+01       1.19999605e+01
      6.46000000e-02      -1.35881780e+01       1.19999605e+01
      6.47000000e-02      -1.35881821e+01       1.19999605e+01
      6.48000000e-02      -1.35881863e+01       1.19999604e+01
      6.49000000e-02      -1.35881904e+01       1.19999604e+01
      6.50000000e-02      -1.35881946e+01       1.19999604e+01
      6.51000000e-02      -1.35881988e+01       1.19999604e+01
      6.52000000e-02      -1.35882031e+01       1.19999603e+01
      6.53000000e-02      -1.35882073e+01       1.19999603e+01
      6.54000000e-02      -1.35882116e+01       1.19999603e+01
      6.55000000e-02      -1.35882159e+01       1.19999602e+01
      6.56000000e-02      -1.35882202e+01       1.19999602e+01
      6.57000000e-02      -1.35882246e+01       1.19999602e+01
      6.58000000e-02      -1.35882289e+01       1.19999602e+01
      6.59000000e-02      -1.35882333e+01       1.19999602e+01
      6.60000000e-02      -1.35882377e+01       1.19999601e+01
      6.61000000e-02      -1.35882422e+01       1.19999601e+01
      6.62000000e-02      -1.35882466e+01       1.19999601e+01
      6.63000000e-02      -1.35882511e+01       1.19999601e+01
      6.64000000e-02      -1.35882556e+01       1.19999601e+01
      6.65000000e-02      -1.35882602e+01       1.19999601e+01
      6.66000000e-02      -1.35882647e+01       1.19999600e+01
      6.67000000e-02      -1.35882693e+01       1.19999600e+01
      6.68000000e-02      -1.35882739e+01       1.19999600e+01
      6.69000000e-02      -1.35882785e+01       1.19999600e+01
      6.70000000e-02      -1.35882831e+01       1.19999600e+01
      6.71000000e-02      -1.35882878e+01       1.19999600e+01
      6.72000000e-02      -1.35882925e+01       1.19999600e+01
      6.73000000e-02      -1.35882972e+01       1.19999600e+01
      6.74000000e-02      -1.35883019e+01       1.19999600e+01
      6.75000000e-02      -1.35883067e+01       1.19999600e+01
      6.76000000e-02      -1.35883114e+01       1.19999600e+01
      6.77000000e-02      -1.35883162e+01       1.19999600e+01
      6.78000000e-02      -1.35883210e+01       1.19999599e+01
      6.79000000e-02      -1.35883259e+01       1.19999599e+01
      6.80000000e-02      -1.35883307e+01       1.19999599e+01
      6.81000000e-02      -1.35883356e+01       1.19999599e+01
      6.82000000e-02      -1.35883405e+01       1.19999600e+01
      6.83000000e-02      -1.35883454e+01       1.19999600e+01
      6.84000000e-02      -1.35883503e+01       1.19999600e+01
      6.85000000e-02      -1.35883553e+01       1.19999600e+01
      6.86000000e-02      -1.35883603e+01       1.19999600e+01
      6.87000000e-02      -1.35883653e+01       1.19999600e+01
      6.88000000e-02      -1.35883703e+01       1.19999600e+01
      6.89000000e-02      -1.35883753e+01       1.19999600e+01
      6.90000000e-02      -1.35883804e+01       1.19999600e+01
      6.91000000e-02      -1.35883855e+01       1.19999600e+01
      6.92000000e-02      -1.35883906e+01       1.19999600e+01
      6.93000000e-02      -1.35883957e+01       1.19999600e+01
      6.94000000e-02      -1.35884009e+01       1.19999600e+01
      6.95000000e-02      -1.35884060e+01       1.19999601e+01
      6.96000000e-02      -1.35884112e+01       1.19999601e+01
      6.97000000e-02      -1.35884164e+01       1.19999601e+01
      6.98000000e-02      -1.35884216e+01       1.19999601e+01
      6.99000000e-02      -1.35884269e+01       1.19999601e+01
      7.00000000e-02      -1.35884321e+01       1.19999602e+01
      7.01000000e-02      -1.35884374e+01       1.19999602e+01
      7.02000000e-02      -1.35884427e+01       1.19999602e+01
      7.03000000e-02      -1.35884480e+01       1.19999602e+01
      7.04000000e-02      -1.35884534e+01       1.19999602e+01
      7.05000000e-02      -1.35884587e+01       1.19999603e+01
      7.06000000e-02      -1.35884641e+01       1.19999603e+01
      7.07000000e-02      -1.35884695e+01       1.19999603e+01
      7.08000000e-02      -1.35884749e+01       1.19999603e+01
      7.09000000e-02      -1.35884803e+01       1.19999604e+01
      7.10000000e-02      -1.35884858e+01       1.19999604e+01
      7.11000000e-02      -1.35884912e+01       1.19999604e+01
      7.12000000e-02      -1.35884967e+01       1.19999605e+01
      7.13000000e-02      -1.35885022e+01       1.19999605e+01
      7.14000000e-02      -1.35885077e+01       1.19999605e+01
      7.15000000e-02      -1.35885133e+01       1.19999606e+01
      7.16000000e-02      -1.35885188e+01       1.19999606e+01
      7.17000000e-02      -1.35885244e+01       1.19999606e+01
      7.18000000e-02      -1.35885300e+01       1.19999607e+01
      7.19000000e-02      -1.35885356e+01       1.19999607e+01
      7.20000000e-02      -1.35885412e+01       1.19999608e+01
      7.21000000e-02      -1.35885469e+01       1.19999608e+01
      7.22000000e-02      -1.35885525e+01       1.19999608e+01
      7.23000000e-02      -1.35885582e+01       1.19999609e+01
      7.24000000e-02      -1.35885639e+01       1.19999609e+01
      7.25000000e-02      -1.35885696e+01       1.19999610e+01
      7.26000000e-02      -1.35885753e+01       1.19999610e+01
      7.27000000e-02      -1.35885810e+01       1.19999611e+01
      7.28000000e-02      -1.35885868e+01       1.19999611e+01
      7.29000000e-02      -1.35885926e+01       1.19999612e+01
      7.30000000e-02      -1.35885983e+01       1.19999612e+01
      7.31000000e-02      -1.35886041e+01       1.19999613e+01
      7.32000000e-02      -1.35886100e+01       1.19999613e+01
      7.33000000e-02      -1.35886158e+01       1.19999614e+01
      7.34000000e-02      -1.35886216e+01       1.19999614e+01
      7.35000000e-02      -1.35886275e+01       1.19999615e+01
      7.36000000e-02      -1.35886334e+01       1.19999615e+01
      7.37000000e-02      -1.35886393e+01       1.19999616e+01
      7.38000000e-02      -1.35886452e+01       1.19999617e+01
      7.39000000e-02      -1.35886511e+01       1.19999617e+01
      7.40000000e-02      -1.35886570e+01       1.19999618e+01
      7.41000000e-02      -1.35886630e+01       1.19999618e+01
      7.42000000e-02      -1.35886689e+01       1.19999619e+01
      7.43000000e-02      -1.35886749e+01       1.19999620e+01
      7.44000000e-02      -1.35886809e+01       1.19999620e+01
      7.45000000e-02      -1.35886869e+01       1.19999621e+01
      7.46000000e-02      -1.35886929e+01       1.19999622e+01
      7.47000000e-02      -1.35886989e+01       1.19999622e+01
      7.48000000e-02      -1.35887049e+01       1.19999623e+01
      7.49000000e-02      -1.35887110e+01       1.19999624e+01
      7.50000000e-02      -1.35887170e+01       1.19999625e+01
      7.51000000e-02      -1.35887231e+01       1.19999625e+01
      7.52000000e-02      -1.35887292e+01       1.19999626e+01
      7.53000000e-02      -1.35887352e+01       1.19999627e+01
      7.54000000e-02      -1.35887413e+01       1.19999628e+01
      7.55000000e-02      -1.35887474e+01       1.19999628e+01
      7.56000000e-02      -1.35887536e+01       1.19999629e+01
      7.57000000e-02      -1.35887597e+01       1.19999630e+01
      7.58000000e-02      -1.35887658e+01       1.19999631e+01
      7.59000000e-02      -1.35887720e+01       1.19999632e+01
      7.60000000e-02      -1.35887781e+01       1.19999633e+01
      7.61000000e-02      -1.35887843e+01       1.19999633e+01
      7.62000000e-02      -1.35887904e+01       1.19999634e+01
      7.63000000e-02      -1.35887966e+01       1.19999635e+01
      7.64000000e-02      -1.35888028e+01       1.19999636e+01
      7.65000000e-02      -1.35888090e+01       1.19999637e+01
      7.66000000e-02      -1.35888152e+01       1.19999638e+01
      7.67000000e-02      -1.35888214e+01       1.19999639e+01
      7.68000000e-02      -1.35888276e+01       1.19999640e+01
      7.69000000e-02      -1.35888338e+01       1.19999641e+01
      7.70000000e-02      -1.35888400e+01       1.19999642e+01
      7.71000000e-02      -1.35888462e+01       1.19999643e+01
      7.72000000e-02      -1.35888524e+01       1.19999644e+01
      7.73000000e-02      -1.35888586e+01       1.19999645e+01
      7.74000000e-02      -1.35888648e+01       1.19999646e+01
      7.75000000e-02      -1.35888711e+01       1.19999647e+01
      7.76000000e-02      -1.35888773e+01       1.19999648e+01
      7.77000000e-02      -1.35888835e+01       1.19999649e+01
      7.78000000e-02      -1.35888897e+01       1.19999650e+01
      7.79000000e-02      -1.35888959e+01       1.19999651e+01
      7.80000000e-02      -1.35889021e+01       1.19999652e+01
      7.81000000e-02      -1.35889083e+01       1.19999653e+01
      7.82000000e-02      -1.35889145e+01       1.19999654e+01
      7.83000000e-02      -1.35889207e+01       1.19999655e+01
      7.84000000e-02      -1.35889268e+01       1.19999656e+01
      7.85000000e-02      -1.35889330e+01       1.19999657e+01
      7.86000000e-02      -1.35889391e+01       1.19999659e+01
      7.87000000e-02      -1.35889453e+01       1.19999660e+01
      7.88000000e-02      -1.35889514e+01       1.19999661e+01
      7.89000000e-02      -1.35889575e+01       1.19999662e+01
      7.90000000e-02      -1.35889635e+01       1.19999663e+01
      7.91000000e-02      -1.35889696e+01       1.19999665e+01
      7.92000000e-02      -1.35889756e+01       1.19999666e+01
      7.93000000e-02      -1.35889816e+01       1.19999667e+01
      7.94000000e-02      -1.35889875e+01       1.19999668e+01
      7.95000000e-02      -1.35889934e+01       1.19999670e+01
      7.96000000e-02      -1.35889992e+01       1.19999671e+01
      7.97000000e-02      -1.35890050e+01       1.19999672e+01
      7.98000000e-02      -1.35890107e+01       1.19999674e+01
      7.99000000e-02      -1.35890164e+01       1.19999675e+01
      8.00000000e-02      -1.35890219e+01       1.19999676e+01
      8.01000000e-02      -1.35890274e+01       1.19999678e+01
      8.02000000e-02      -1.35890327e+01       1.19999679e+01
      8.03000000e-02      -1.35890378e+01       1.19999680e+01
      8.04000000e-02      -1.35890428e+01       1.19999682e+01
      8.05000000e-02      -1.35890475e+01       1.19999683e+01
      8.06000000e-02      -1.35890518e+01       1.19999685e+01
      8.07000000e-02      -1.35890556e+01       1.19999686e+01
      8.08000000e-02      -1.35890587e+01       1.19999688e+01
      8.09000000e-02      -1.35890603e+01       1.19999689e+01
      8.10000000e-02      -1.35890566e+01       1.19999691e+01
      8.11000000e-02      -1.35890708e+01       1.19999692e+01
      8.12000000e-02      -1.35889376e+01       1.19999694e+01
      8.13000000e-02      -1.35889513e+01       1.19999696e+01
      8.14000000e-02      -1.35889650e+01       1.19999697e+01
      8.15000000e-02      -1.35889786e+01       1.19999699e+01
      8.16000000e-02      -1.35889923e+01       1.19999701e+01
      8.17000000e-02      -1.35890058e+01       1.19999703e+01
      8.18000000e-02      -1.35890194e+01       1.19999705e+01
      8.19000000e-02      -1.35890329e+01       1.19999706e+01
      8.20000000e-02      -1.35890465e+01       1.19999708e+01
      8.21000000e-02      -1.35890600e+01       1.19999710e+01
      8.22000000e-02      -1.35890734e+01       1.19999712e+01
      8.23000000e-02      -1.35890869e+01       1.19999714e+01
      8.24000000e-02      -1.35891003e+01       1.19999716e+01
      8.25000000e-02      -1.35891137e+01       1.19999718e+01
      8.26000000e-02      -1.35891271e+01       1.19999720e+01
      8.27000000e-02      -1.35891405e+01       1.19999722e+01
      8.28000000e-02      -1.35891538e+01       1.19999724e+01
      8.29000000e-02      -1.35891672e+01       1.19999726e+01
      8.30000000e-02      -1.35891805e+01       1.19999728e+01
      8.31000000e-02      -1.35891938e+01       1.19999730e+01
      8.32000000e-02      -1.35892071e+01       1.19999732e+01
      8.33000000e-02      -1.35892203e+01       1.19999734e+01
      8.34000000e-02      -1.35892336e+01       1.19999736e+01
      8.35000000e-02      -1.35892468e+01       1.19999738e+01
      8.36000000e-02      -1.35892601e+01       1.19999740e+01
      8.37000000e-02      -1.35892733e+01       1.19999742e+01
      8.38000000e-02      -1.35892865e+01       1.19999745e+01
      8.39000000e-02      -1.35892997e+01       1.19999747e+01
      8.40000000e-02      -1.35893129e+01       1.19999749e+01
      8.41000000e-02      -1.35893261e+01       1.19999751e+01
      8.42000000e-02      -1.35893393e+01       1.19999754e+01
      8.43000000e-02      -1.35893524e+01       1.19999756e+01
      8.44000000e-02      -1.35893656e+01       1.19999758e+01
      8.45000000e-02      -1.35893788e+01       1.19999760e+01
      8.46000000e-02      -1.35893920e+01       1.19999763e+01
      8.47000000e-02      -1.35894051e+01       1.19999765e+01
      8.48000000e-02      -1.35894183e+01       1.19999767e+01
      8.49000000e-02      -1.35894315e+01       1.19999770e+01
      8.50000000e-02      -1.35894446e+01       1.19999772e+01
      8.51000000e-02      -1.35894578e+01       1.19999775e+01
      8.52000000e-02      -1.35894710e+01       1.19999777e+01
      8.53000000e-02      -1.35894842e+01       1.19999779e+01
      8.54000000e-02      -1.35894974e+01       1.19999782e+01
      8.55000000e-02      -1.35895106e+01       1.19999784e+01
      8.56000000e-02      -1.35895238e+01       1.19999787e+01
      8.57000000e-02      -1.35895370e+01       1.19999789e+01
      8.58000000e-02      -1.35895502e+01       1.19999792e+01
      8.59000000e-02      -1.35895635e+01       1.19999795e+01
      8.60000000e-02      -1.35895767e+01       1.19999797e+01
      8.61000000e-02      -1.35895900e+01       1.19999800e+01
      8.62000000e-02      -1.35896032e+01       1.19999802e+01
      8.63000000e-02      -1.35896165e+01       1.19999805e+01
      8.64000000e-02      -1.35896297e+01       1.19999808e+01
      8.65000000e-02      -1.35896429e+01       1.19999810e+01
      8.66000000e-02      -1.35896559e+01       1.19999813e+01
      8.67000000e-02      -1.35896687e+01       1.19999816e+01
      8.68000000e-02      -1.35896718e+01       1.19999819e+01
      8.69000000e-02      -1.35896866e+01       1.19999822e+01
      8.70000000e-02      -1.35897013e+01       1.19999825e+01
      8.71000000e-02      -1.35897161e+01       1.19999828e+01
      8.72000000e-02      -1.35897310e+01       1.19999830e+01
      8.73000000e-02      -1.35897459e+01       1.19999833e+01
      8.74000000e-02      -1.35897608e+01       1.19999836e+01
      8.75000000e-02      -1.35897758e+01       1.19999839e+01
      8.76000000e-02      -1.35897908e+01       1.19999842e+01
      8.77000000e-02      -1.35898059e+01       1.19999845e+01
      8.78000000e-02      -1.35898211e+01       1.19999848e+01
      8.79000000e-02      -1.35898362e+01       1.19999851e+01
      8.80000000e-02      -1.35898514e+01       1.19999854e+01
      8.81000000e-02      -1.35898667e+01       1.19999857e+01
      8.82000000e-02      -1.35898820e+01       1.19999860e+01
      8.83000000e-02      -1.35898975e+01       1.19999863e+01
      8.84000000e-02      -1.35899125e+01       1.19999866e+01
      8.85000000e-02      -1.35899277e+01       1.19999869e+01
      8.86000000e-02      -1.35899434e+01       1.19999872e+01
      8.87000000e-02      -1.35899585e+01       1.19999876e+01
      8.88000000e-02      -1.35899739e+01       1.19999879e+01
      8.89000000e-02      -1.35899894e+01       1.19999882e+01
      8.90000000e-02      -1.35900041e+01       1.19999885e+01
      8.91000000e-02      -1.35900075e+01       1.19999888e+01
      8.92000000e-02      -1.35900220e+01       1.19999890e+01
      8.93000000e-02      -1.35900366e+01       1.19999893e+01
      8.94000000e-02      -1.35900514e+01       1.19999896e+01
      8.95000000e-02      -1.35900663e+01       1.19999899e+01
      8.96000000e-02      -1.35900814e+01       1.19999902e+01
      8.97000000e-02      -1.35900967e+01       1.19999905e+01
      8.98000000e-02      -1.35901122e+01       1.19999908e+01
      8.99000000e-02      -1.35901279e+01       1.19999911e+01
      9.00000000e-02      -1.35901438e+01       1.19999914e+01
      9.01000000e-02      -1.35901599e+01       1.19999917e+01
      9.02000000e-02      -1.35901764e+01       1.19999920e+01
      9.03000000e-02      -1.35901931e+01       1.19999923e+01
      9.04000000e-02      -1.35902102e+01       1.19999926e+01
      9.05000000e-02      -1.35902276e+01       1.19999929e+01
      9.06000000e-02      -1.35902455e+01       1.19999932e+01
      9.07000000e-02      -1.35902638e+01       1.19999935e+01
      9.08000000e-02      -1.35902827e+01       1.19999938e+01
      9.09000000e-02      -1.35903023e+01       1.19999941e+01
      9.10000000e-02      -1.35903227e+01       1.19999945e+01
      9.11000000e-02      -1.35903441e+01       1.19999948e+01
      9.12000000e-02      -1.35903669e+01       1.19999951e+01
      9.13000000e-02      -1.35903919e+01       1.19999954e+01
      9.14000000e-02      -1.35904218e+01       1.19999958e+01
      9.15000000e-02      -1.35904507e+01       1.19999961e+01
      9.16000000e-02      -1.35904840e+01       1.19999964e+01
      9.17000000e-02      -1.35905163e+01       1.19999968e+01
      9.18000000e-02      -1.35904561e+01       1.19999971e+01
      9.19000000e-02      -1.35904818e+01       1.19999975e+01
      9.20000000e-02      -1.35905105e+01       1.19999978e+01
      9.21000000e-02      -1.35905449e+01       1.19999981e+01
      9.22000000e-02      -1.35907016e+01       1.19999985e+01
      9.23000000e-02      -1.35907272e+01       1.19999988e+01
      9.24000000e-02      -1.35907469e+01       1.19999992e+01
      9.25000000e-02      -1.35907590e+01       1.19999996e+01
      9.26000000e-02      -1.35907609e+01       1.19999999e+01
      9.27000000e-02      -1.35907443e+01       1.20000003e+01
      9.28000000e-02      -1.35906927e+01       1.20000006e+01
      9.29000000e-02      -1.35906529e+01       1.20000010e+01
      9.30000000e-02      -1.35907285e+01       1.20000013e+01
      9.31000000e-02      -1.35908486e+01       1.20000017e+01
      9.32000000e-02      -1.35908325e+01       1.20000020e+01
      9.33000000e-02      -1.35907975e+01       1.20000024e+01
      9.34000000e-02      -1.35907769e+01       1.20000027e+01
      9.35000000e-02      -1.35909892e+01       1.20000031e+01
      9.36000000e-02      -1.35909925e+01       1.20000035e+01
      9.37000000e-02      -1.35909933e+01       1.20000038e+01
      9.38000000e-02      -1.35909923e+01       1.20000042e+01
      9.39000000e-02      -1.35909896e+01       1.20000046e+01
      9.40000000e-02      -1.35909857e+01       1.20000049e+01
      9.41000000e-02      -1.35909807e+01       1.20000053e+01
      9.42000000e-02      -1.35909746e+01       1.20000057e+01
      9.43000000e-02      -1.35909676e+01       1.20000060e+01
      9.44000000e-02      -1.35909597e+01       1.20000064e+01
      9.45000000e-02      -1.35909507e+01       1.20000068e+01
      9.46000000e-02      -1.35909409e+01       1.20000071e+01
      9.47000000e-02      -1.35909299e+01       1.20000075e+01
      9.48000000e-02      -1.35909178e+01       1.20000079e+01
      9.49000000e-02      -1.35909045e+01       1.20000082e+01
      9.50000000e-02      -1.35908897e+01       1.20000086e+01
      9.51000000e-02      -1.35908733e+01       1.20000089e+01
      9.52000000e-02      -1.35908548e+01       1.20000093e+01
      9.53000000e-02      -1.35908339e+01       1.20000097e+01
      9.54000000e-02      -1.35908097e+01       1.20000100e+01
      9.55000000e-02      -1.35907812e+01       1.20000104e+01
      9.56000000e-02      -1.35907462e+01       1.20000107e+01
      9.57000000e-02      -1.35907000e+01       1.20000111e+01
      9.58000000e-02      -1.35906254e+01       1.20000115e+01
      9.59000000e-02      -1.35907496e+01       1.20000118e+01
      9.60000000e-02      -1.35907147e+01       1.20000122e+01
      9.61000000e-02      -1.35906703e+01       1.20000125e+01
      9.62000000e-02      -1.35906057e+01       1.20000129e+01
      9.63000000e-02      -1.35905800e+01       1.20000132e+01
      9.64000000e-02      -1.35905068e+01       1.20000136e+01
      9.65000000e-02      -1.35894427e+01       1.20000140e+01
      9.66000000e-02      -1.35896697e+01       1.20000143e+01
      9.67000000e-02      -1.35896194e+01       1.20000147e+01
      9.68000000e-02      -1.35895459e+01       1.20000150e+01
      9.69000000e-02      -1.35894025e+01       1.20000154e+01
      9.70000000e-02      -1.35939502e+01       1.20000165e+01
      9.71000000e-02      -1.35939256e+01       1.20000165e+01
      9.72000000e-02      -1.35941223e+01       1.20000163e+01
      9.73000000e-02      -1.35941295e+01       1.20000161e+01
      9.74000000e-02      -1.35941360e+01       1.20000159e+01
      9.75000000e-02      -1.35941417e+01       1.20000157e+01
      9.76000000e-02      -1.35941466e+01       1.20000155e+01
      9.77000000e-02      -1.35941507e+01       1.20000153e+01
      9.78000000e-02      -1.35941541e+01       1.20000151e+01
      9.79000000e-02      -1.35941565e+01       1.20000149e+01
      9.80000000e-02      -1.35941581e+01       1.20000147e+01
      9.81000000e-02      -1.35941585e+01       1.20000145e+01
      9.82000000e-02      -1.35941576e+01       1.20000144e+01
      9.83000000e-02      -1.35941550e+01       1.20000142e+01
      9.84000000e-02      -1.35941496e+01       1.20000140e+01
      9.85000000e-02      -1.35941379e+01       1.20000138e+01
      9.86000000e-02      -1.35941273e+01       1.20000137e+01
      9.87000000e-02      -1.35941013e+01       1.20000136e+01
      9.88000000e-02      -1.35941361e+01       1.20000135e+01
      9.89000000e-02      -1.35941231e+01       1.20000133e+01
      9.90000000e-02      -1.35941210e+01       1.20000132e+01
      9.91000000e-02      -1.35939670e+01       1.20000132e+01
      9.92000000e-02      -1.35939732e+01       1.20000133e+01
      9.93000000e-02      -1.35939796e+01       1.20000134e+01
      9.94000000e-02      -1.35939861e+01       1.20000135e+01
      9.95000000e-02      -1.35939928e+01       1.20000136e+01
      9.96000000e-02      -1.35939996e+01       1.20000137e+01
      9.97000000e-02      -1.35940066e+01       1.20000137e+01
      9.98000000e-02      -1.35940136e+01       1.20000138e+01
      9.99000000e-02      -1.35940207e+01       1.20000139e+01
      1.00000000e-01      -1.35940280e+01       1.20000140e+01
      1.00100000e-01      -1.35940353e+01       1.20000140e+01
      1.00200000e-01      -1.35940428e+01       1.20000141e+01
      1.00300000e-01      -1.35940504e+01       1.20000142e+01
      1.00400000e-01      -1.35940582e+01       1.20000142e+01
      1.00500000e-01      -1.35940662e+01       1.20000142e+01
      1.00600000e-01      -1.35940745e+01       1.20000143e+01
      1.00700000e-01      -1.35940831e+01       1.20000143e+01
      1.00800000e-01      -1.35940923e+01       1.20000143e+01
      1.00900000e-01      -1.35941025e+01       1.20000143e+01
      1.01000000e-01      -1.35941157e+01       1.20000143e+01
      1.01100000e-01      -1.35941822e+01       1.20000142e+01
      1.01200000e-01      -1.35941875e+01       1.20000139e+01
      1.01300000e-01      -1.35941929e+01       1.20000136e+01
      1.01400000e-01      -1.35941984e+01       1.20000134e+01
      1.01500000e-01      -1.35942040e+01       1.20000131e+01
      1.01600000e-01      -1.35942098e+01       1.20000129e+01
      1.01700000e-01      -1.35942156e+01       1.20000127e+01
      1.01800000e-01      -1.35942215e+01       1.20000125e+01
      1.01900000e-01      -1.35942275e+01       1.20000122e+01
      1.02000000e-01      -1.35942335e+01       1.20000120e+01
      1.02100000e-01      -1.35942396e+01       1.20000119e+01
      1.02200000e-01      -1.35942457e+01       1.20000117e+01
      1.02300000e-01      -1.35942519e+01       1.20000115e+01
      1.02400000e-01      -1.35942581e+01       1.20000114e+01
      1.02500000e-01      -1.35942643e+01       1.20000112e+01
      1.02600000e-01      -1.35942706e+01       1.20000111e+01
      1.02700000e-01      -1.35942769e+01       1.20000109e+01
      1.02800000e-01      -1.35942832e+01       1.20000108e+01
      1.02900000e-01      -1.35942895e+01       1.20000107e+01
      1.03000000e-01      -1.35942958e+01       1.20000106e+01
      1.03100000e-01      -1.35943022e+01       1.20000105e+01
      1.03200000e-01      -1.35943085e+01       1.20000104e+01
      1.03300000e-01      -1.35943149e+01       1.20000103e+01
      1.03400000e-01      -1.35943213e+01       1.20000102e+01
      1.03500000e-01      -1.35943277e+01       1.20000102e+01
      1.03600000e-01      -1.35943341e+01       1.20000101e+01
      1.03700000e-01      -1.35943405e+01       1.20000100e+01
      1.03800000e-01      -1.35943470e+01       1.20000100e+01
      1.03900000e-01      -1.35943535e+01       1.20000099e+01
      1.04000000e-01      -1.35943601e+01       1.20000099e+01
      1.04100000e-01      -1.35943667e+01       1.20000099e+01
      1.04200000e-01      -1.35943734e+01       1.20000099e+01
      1.04300000e-01      -1.35943802e+01       1.20000099e+01
      1.04400000e-01      -1.35943872e+01       1.20000099e+01
      1.04500000e-01      -1.35943945e+01       1.20000099e+01
      1.04600000e-01      -1.35944022e+01       1.20000099e+01
      1.04700000e-01      -1.35944104e+01       1.20000099e+01
      1.04800000e-01      -1.35944198e+01       1.20000100e+01
      1.04900000e-01      -1.35944322e+01       1.20000101e+01
      1.05000000e-01      -1.35943393e+01       1.20000101e+01
      1.05100000e-01      -1.35943566e+01       1.20000100e+01
      1.05200000e-01      -1.35943742e+01       1.20000098e+01
      1.05300000e-01      -1.35943923e+01       1.20000097e+01
      1.05400000e-01      -1.35944110e+01       1.20000096e+01
      1.05500000e-01      -1.35944303e+01       1.20000096e+01
      1.05600000e-01      -1.35944504e+01       1.20000095e+01
      1.05700000e-01      -1.35944717e+01       1.20000095e+01
      1.05800000e-01      -1.35944947e+01       1.20000095e+01
      1.05900000e-01      -1.35945202e+01       1.20000095e+01
      1.06000000e-01      -1.35945507e+01       1.20000095e+01
      1.06100000e-01      -1.35946005e+01       1.20000096e+01
      1.06200000e-01      -1.35946222e+01       1.20000097e+01
      1.06300000e-01      -1.35945938e+01       1.20000098e+01
      1.06400000e-01      -1.35946370e+01       1.20000099e+01
      1.06500000e-01      -1.35925306e+01       1.20000179e+01
      1.06600000e-01      -1.35923743e+01       1.20000157e+01
      1.06700000e-01      -1.35926217e+01       1.20000136e+01
      1.06800000e-01      -1.35931156e+01       1.20000113e+01
      1.06900000e-01      -1.35931814e+01       1.20000091e+01
      1.07000000e-01      -1.35932182e+01       1.20000067e+01
      1.07100000e-01      -1.35932551e+01       1.20000044e+01
      1.07200000e-01      -1.35932864e+01       1.20000021e+01
      1.07300000e-01      -1.35932739e+01       1.19999998e+01
      1.07400000e-01      -1.35933427e+01       1.19999975e+01
      1.07500000e-01      -1.35934244e+01       1.19999953e+01
      1.07600000e-01      -1.35935516e+01       1.19999930e+01
      1.07700000e-01      -1.35935808e+01       1.19999908e+01
      1.07800000e-01      -1.35938780e+01       1.19999885e+01
      1.07900000e-01      -1.35938610e+01       1.19999862e+01
      1.08000000e-01      -1.35938456e+01       1.19999839e+01
      1.08100000e-01      -1.35938318e+01       1.19999815e+01
      1.08200000e-01      -1.35938193e+01       1.19999791e+01
      1.08300000e-01      -1.35938081e+01       1.19999767e+01
      1.08400000e-01      -1.35937981e+01       1.19999743e+01
      1.08500000e-01      -1.35937893e+01       1.19999719e+01
      1.08600000e-01      -1.35937815e+01       1.19999694e+01
      1.08700000e-01      -1.35937749e+01       1.19999669e+01
      1.08800000e-01      -1.35937694e+01       1.19999644e+01
      1.08900000e-01      -1.35937649e+01       1.19999619e+01
      1.09000000e-01      -1.35937614e+01       1.19999594e+01
      1.09100000e-01      -1.35937590e+01       1.19999568e+01
      1.09200000e-01      -1.35937576e+01       1.19999542e+01
      1.09300000e-01      -1.35937573e+01       1.19999516e+01
      1.09400000e-01      -1.35937579e+01       1.19999490e+01
      1.09500000e-01      -1.35937596e+01       1.19999464e+01
      1.09600000e-01      -1.35937624e+01       1.19999437e+01
      1.09700000e-01      -1.35937661e+01       1.19999411e+01
      1.09800000e-01      -1.35937710e+01       1.19999384e+01
      1.09900000e-01      -1.35937768e+01       1.19999357e+01
      1.10000000e-01      -1.35937838e+01       1.19999329e+01
      1.10100000e-01      -1.35937919e+01       1.19999302e+01
      1.10200000e-01      -1.35938011e+01       1.19999274e+01
      1.10300000e-01      -1.35938114e+01       1.19999246e+01
      1.10400000e-01      -1.35938229e+01       1.19999218e+01
      1.10500000e-01      -1.35938357e+01       1.19999190e+01
      1.10600000e-01      -1.35938498e+01       1.19999161e+01
      1.10700000e-01      -1.35938652e+01       1.19999132e+01
      1.10800000e-01      -1.35938821e+01       1.19999103e+01
      1.10900000e-01      -1.35939006e+01       1.19999074e+01
      1.11000000e-01      -1.35939209e+01       1.19999044e+01
      1.11100000e-01      -1.35939432e+01       1.19999015e+01
      1.11200000e-01      -1.35939681e+01       1.19998985e+01
      1.11300000e-01      -1.35939959e+01       1.19998955e+01
      1.11400000e-01      -1.35940274e+01       1.19998924e+01
      1.11500000e-01      -1.35940633e+01       1.19998894e+01
      1.11600000e-01      -1.35941042e+01       1.19998863e+01
      1.11700000e-01      -1.35941501e+01       1.19998832e+01
      1.11800000e-01      -1.35942006e+01       1.19998801e+01
      1.11900000e-01      -1.35942547e+01       1.19998770e+01
      1.12000000e-01      -1.35943115e+01       1.19998739e+01
      1.12100000e-01      -1.35943700e+01       1.19998708e+01
      1.12200000e-01      -1.35944296e+01       1.19998676e+01
      1.12300000e-01      -1.35944897e+01       1.19998645e+01
      1.12400000e-01      -1.35945499e+01       1.19998613e+01
      1.12500000e-01      -1.35946099e+01       1.19998581e+01
      1.12600000e-01      -1.35946695e+01       1.19998549e+01
      1.12700000e-01      -1.35947286e+01       1.19998517e+01
      1.12800000e-01      -1.35947869e+01       1.19998485e+01
      1.12900000e-01      -1.35948444e+01       1.19998453e+01
      1.13000000e-01      -1.35949010e+01       1.19998420e+01
      1.13100000e-01      -1.35949567e+01       1.19998388e+01
      1.13200000e-01      -1.35950114e+01       1.19998355e+01
      1.13300000e-01      -1.35950650e+01       1.19998322e+01
      1.13400000e-01      -1.35951177e+01       1.19998289e+01
      1.13500000e-01      -1.35951692e+01       1.19998256e+01
      1.13600000e-01      -1.35952197e+01       1.19998223e+01
      1.13700000e-01      -1.35952691e+01       1.19998189e+01
      1.13800000e-01      -1.35953174e+01       1.19998156e+01
      1.13900000e-01      -1.35953646e+01       1.19998122e+01
      1.14000000e-01      -1.35954107e+01       1.19998088e+01
      1.14100000e-01      -1.35954557e+01       1.19998054e+01
      1.14200000e-01      -1.35954994e+01       1.19998020e+01
      1.14300000e-01      -1.35955420e+01       1.19997985e+01
      1.14400000e-01      -1.35955833e+01       1.19997951e+01
      1.14500000e-01      -1.35956233e+01       1.19997916e+01
      1.14600000e-01      -1.35956619e+01       1.19997881e+01
      1.14700000e-01      -1.35956990e+01       1.19997846e+01
      1.14800000e-01      -1.35957343e+01       1.19997811e+01
      1.14900000e-01      -1.35957678e+01       1.19997776e+01
      1.15000000e-01      -1.35957990e+01       1.19997740e+01
      1.15100000e-01      -1.35958277e+01       1.19997704e+01
      1.15200000e-01      -1.35958533e+01       1.19997669e+01
      1.15300000e-01      -1.35958749e+01       1.19997633e+01
      1.15400000e-01      -1.35958915e+01       1.19997596e+01
      1.15500000e-01      -1.35959012e+01       1.19997560e+01
      1.15600000e-01      -1.35959004e+01       1.19997524e+01
      1.15700000e-01      -1.35958799e+01       1.19997487e+01
      1.15800000e-01      -1.35956452e+01       1.19997450e+01
      1.15900000e-01      -1.35955195e+01       1.19997413e+01
      1.16000000e-01      -1.35954200e+01       1.19997376e+01
      1.16100000e-01      -1.35953327e+01       1.19997339e+01
      1.16200000e-01      -1.35952526e+01       1.19997301e+01
      1.16300000e-01      -1.35951772e+01       1.19997264e+01
      1.16400000e-01      -1.35951048e+01       1.19997226e+01
      1.16500000e-01      -1.35950344e+01       1.19997188e+01
      1.16600000e-01      -1.35949650e+01       1.19997150e+01
      1.16700000e-01      -1.35948958e+01       1.19997112e+01
      1.16800000e-01      -1.35948262e+01       1.19997073e+01
      1.16900000e-01      -1.35947556e+01       1.19997034e+01
      1.17000000e-01      -1.35946836e+01       1.19996995e+01
      1.17100000e-01      -1.35946100e+01       1.19996956e+01
      1.17200000e-01      -1.35945350e+01       1.19996917e+01
      1.17300000e-01      -1.35944594e+01       1.19996877e+01
      1.17400000e-01      -1.35943847e+01       1.19996837e+01
      1.17500000e-01      -1.35943131e+01       1.19996797e+01
      1.17600000e-01      -1.35942468e+01       1.19996757e+01
      1.17700000e-01      -1.35941868e+01       1.19996717e+01
      1.17800000e-01      -1.35941291e+01       1.19996677e+01
      1.17900000e-01      -1.35940690e+01       1.19996637e+01
      1.18000000e-01      -1.35940413e+01       1.19996596e+01
      1.18100000e-01      -1.35941071e+01       1.19996556e+01
      1.18200000e-01      -1.35941573e+01       1.19996515e+01
      1.18300000e-01      -1.35941005e+01       1.19996475e+01
      1.18400000e-01      -1.35940450e+01       1.19996434e+01
      1.18500000e-01      -1.35939762e+01       1.19996394e+01
      1.18600000e-01      -1.35940199e+01       1.19996353e+01
      1.18700000e-01      -1.35939839e+01       1.19996313e+01
      1.18800000e-01      -1.35940156e+01       1.19996272e+01
      1.18900000e-01      -1.35940266e+01       1.19996231e+01
      1.19000000e-01      -1.35940028e+01       1.19996190e+01
      1.19100000e-01      -1.35938912e+01       1.19996149e+01
      1.19200000e-01      -1.35939181e+01       1.19996108e+01
      1.19300000e-01      -1.35939444e+01       1.19996067e+01
      1.19400000e-01      -1.35939786e+01       1.19996025e+01
      1.19500000e-01      -1.35939390e+01       1.19995984e+01
      1.19600000e-01      -1.35938995e+01       1.19995942e+01
      1.19700000e-01      -1.35939644e+01       1.19995899e+01
      1.19800000e-01      -1.35932172e+01       1.19995856e+01
      1.19900000e-01      -1.35931483e+01       1.19995813e+01
      1.20000000e-01      -1.35930891e+01       1.19995770e+01
      1.20100000e-01      -1.35930401e+01       1.19995727e+01
      1.20200000e-01      -1.35930021e+01       1.19995684e+01
      1.20300000e-01      -1.35929758e+01       1.19995641e+01
      1.20400000e-01      -1.35929625e+01       1.19995597e+01
      1.20500000e-01      -1.35929635e+01       1.19995554e+01
      1.20600000e-01      -1.35929808e+01       1.19995511e+01
      1.20700000e-01      -1.35930173e+01       1.19995467e+01
      1.20800000e-01      -1.35930763e+01       1.19995424e+01
      1.20900000e-01      -1.35931623e+01       1.19995380e+01
      1.21000000e-01      -1.35932805e+01       1.19995336e+01
      1.21100000e-01      -1.35934354e+01       1.19995292e+01
      1.21200000e-01      -1.35936278e+01       1.19995248e+01
      1.21300000e-01      -1.35938476e+01       1.19995205e+01
      1.21400000e-01      -1.35940714e+01       1.19995161e+01
      1.21500000e-01      -1.35942763e+01       1.19995117e+01
      1.21600000e-01      -1.35944529e+01       1.19995073e+01
      1.21700000e-01      -1.35946019e+01       1.19995030e+01
      1.21800000e-01      -1.35947275e+01       1.19994986e+01
      1.21900000e-01      -1.35948343e+01       1.19994943e+01
      1.22000000e-01      -1.35949258e+01       1.19994899e+01
      1.22100000e-01      -1.35950046e+01       1.19994856e+01
      1.22200000e-01      -1.35950730e+01       1.19994813e+01
      1.22300000e-01      -1.35951322e+01       1.19994770e+01
      1.22400000e-01      -1.35951835e+01       1.19994727e+01
      1.22500000e-01      -1.35952276e+01       1.19994685e+01
      1.22600000e-01      -1.35952651e+01       1.19994642e+01
      1.22700000e-01      -1.35952961e+01       1.19994600e+01
      1.22800000e-01      -1.35953207e+01       1.19994558e+01
      1.22900000e-01      -1.35953386e+01       1.19994516e+01
      1.23000000e-01      -1.35953490e+01       1.19994474e+01
      1.23100000e-01      -1.35953506e+01       1.19994433e+01
      1.23200000e-01      -1.35953396e+01       1.19994392e+01
      1.23300000e-01      -1.35953035e+01       1.19994351e+01
      1.23400000e-01      -1.35954142e+01       1.19994311e+01
      1.23500000e-01      -1.35953789e+01       1.19994270e+01
      1.23600000e-01      -1.35952914e+01       1.19994230e+01
      1.23700000e-01      -1.35966570e+01       1.19994186e+01
      1.23800000e-01      -1.35967002e+01       1.19994138e+01
      1.23900000e-01      -1.35967391e+01       1.19994089e+01
      1.24000000e-01      -1.35967741e+01       1.19994041e+01
      1.24100000e-01      -1.35968058e+01       1.19993992e+01
      1.24200000e-01      -1.35968342e+01       1.19993944e+01
      1.24300000e-01      -1.35968599e+01       1.19993895e+01
      1.24400000e-01      -1.35968830e+01       1.19993847e+01
      1.24500000e-01      -1.35969039e+01       1.19993798e+01
      1.24600000e-01      -1.35969227e+01       1.19993749e+01
      1.24700000e-01      -1.35969398e+01       1.19993700e+01
      1.24800000e-01      -1.35969556e+01       1.19993651e+01
      1.24900000e-01      -1.35969703e+01       1.19993602e+01
      1.25000000e-01      -1.35969844e+01       1.19993553e+01
