      0.00000000e+00       1.00000000e+00       1.00000000e+00       1.00000000e+00       1.00000000e+00       1.00000000e+00       1.00000000e+00
      1.00000000e-02       1.00000002e+00       1.00000003e+00       1.00000001e+00       1.00000000e+00       9.99999995e-01       9.99999996e-01
      2.00000000e-02       1.00000008e+00       1.00000013e+00       1.00000003e+00       1.00000001e+00       9.99999979e-01       9.99999982e-01
      3.00000000e-02       1.00000017e+00       1.00000030e+00       1.00000007e+00       1.00000003e+00       9.99999953e-01       9.99999960e-01
      4.00000000e-02       1.00000031e+00       1.00000053e+00       1.00000013e+00       1.00000005e+00       9.99999917e-01       9.99999929e-01
      5.00000000e-02       1.00000049e+00       1.00000082e+00       1.00000020e+00       1.00000007e+00       9.99999870e-01       9.99999889e-01
      6.00000000e-02       1.00000070e+00       1.00000119e+00       1.00000029e+00       1.00000010e+00       9.99999813e-01       9.99999841e-01
      7.00000000e-02       1.00000095e+00       1.00000161e+00       1.00000039e+00       1.00000013e+00       9.99999745e-01       9.99999782e-01
      8.00000000e-02       1.00000124e+00       1.00000210e+00       1.00000050e+00       1.00000016e+00       9.99999667e-01       9.99999715e-01
      9.00000000e-02       1.00000157e+00       1.00000265e+00       1.00000063e+00       1.00000020e+00       9.99999578e-01       9.99999638e-01
      1.00000000e-01       1.00000194e+00       1.00000327e+00       1.00000076e+00       1.00000023e+00       9.99999479e-01       9.99999551e-01
      1.10000000e-01       1.00000235e+00       1.00000395e+00       1.00000091e+00       1.00000027e+00       9.99999369e-01       9.99999455e-01
      1.20000000e-01       1.00000279e+00       1.00000469e+00       1.00000106e+00       1.00000029e+00       9.99999248e-01       9.99999348e-01
      1.30000000e-01       1.00000327e+00       1.00000549e+00       1.00000123e+00       1.00000032e+00       9.99999116e-01       9.99999232e-01
      1.40000000e-01       1.00000380e+00       1.00000635e+00       1.00000139e+00       1.00000033e+00       9.99998974e-01       9.99999104e-01
      1.50000000e-01       1.00000436e+00       1.00000726e+00       1.00000157e+00       1.00000034e+00       9.99998821e-01       9.99998966e-01
      1.60000000e-01       1.00000495e+00       1.00000824e+00       1.00000174e+00       1.00000034e+00       9.99998657e-01       9.99998816e-01
      1.70000000e-01       1.00000559e+00       1.00000927e+00       1.00000191e+00       1.00000032e+00       9.99998482e-01       9.99998655e-01
      1.80000000e-01       1.00000626e+00       1.00001035e+00       1.00000208e+00       1.00000028e+00       9.99998296e-01       9.99998483e-01
      1.90000000e-01       1.00000697e+00       1.00001149e+00       1.00000225e+00       1.00000023e+00       9.99998098e-01       9.99998297e-01
      2.00000000e-01       1.00000772e+00       1.00001268e+00       1.00000241e+00       1.00000015e+00       9.99997890e-01       9.99998099e-01
      2.10000000e-01       1.00000851e+00       1.00001391e+00       1.00000257e+00       1.00000006e+00       9.99997669e-01       9.99997888e-01
      2.20000000e-01       1.00000933e+00       1.00001520e+00       1.00000271e+00       9.99999931e-01       9.99997437e-01       9.99997663e-01
      2.30000000e-01       1.00001019e+00       1.00001653e+00       1.00000284e+00       9.99999777e-01       9.99997194e-01       9.99997424e-01
      2.40000000e-01       1.00001109e+00       1.00001791e+00       1.00000296e+00       9.99999590e-01       9.99996938e-01       9.99997171e-01
      2.50000000e-01       1.00001203e+00       1.00001934e+00       1.00000305e+00       9.99999367e-01       9.99996670e-01       9.99996902e-01
      2.60000000e-01       1.00001300e+00       1.00002080e+00       1.00000313e+00       9.99999106e-01       9.99996390e-01       9.99996618e-01
      2.70000000e-01       1.00001401e+00       1.00002230e+00       1.00000318e+00       9.99998803e-01       9.99996098e-01       9.99996317e-01
      2.80000000e-01       1.00001505e+00       1.00002384e+00       1.00000320e+00       9.99998455e-01       9.99995792e-01       9.99995999e-01
      2.90000000e-01       1.00001613e+00       1.00002542e+00       1.00000320e+00       9.99998059e-01       9.99995474e-01       9.99995663e-01
      3.00000000e-01       1.00001725e+00       1.00002703e+00       1.00000317e+00       9.99997612e-01       9.99995143e-01       9.99995309e-01
      3.10000000e-01       1.00001840e+00       1.00002867e+00       1.00000310e+00       9.99997110e-01       9.99994798e-01       9.99994935e-01
      3.20000000e-01       1.00001959e+00       1.00003034e+00       1.00000299e+00       9.99996550e-01       9.99994440e-01       9.99994542e-01
      3.30000000e-01       1.00002081e+00       1.00003204e+00       1.00000284e+00       9.99995928e-01       9.99994067e-01       9.99994128e-01
      3.40000000e-01       1.00002207e+00       1.00003377e+00       1.00000265e+00       9.99995242e-01       9.99993680e-01       9.99993692e-01
      3.50000000e-01       1.00002336e+00       1.00003551e+00       1.00000241e+00       9.99994488e-01       9.99993279e-01       9.99993234e-01
      3.60000000e-01       1.00002469e+00       1.00003728e+00       1.00000212e+00       9.99993663e-01       9.99992862e-01       9.99992753e-01
      3.70000000e-01       1.00002606e+00       1.00003906e+00       1.00000178e+00       9.99992764e-01       9.99992430e-01       9.99992247e-01
      3.80000000e-01       1.00002746e+00       1.00004086e+00       1.00000139e+00       9.99991786e-01       9.99991982e-01       9.99991717e-01
      3.90000000e-01       1.00002889e+00       1.00004268e+00       1.00000093e+00       9.99990729e-01       9.99991518e-01       9.99991159e-01
      4.00000000e-01       1.00003035e+00       1.00004450e+00       1.00000042e+00       9.99989587e-01       9.99991038e-01       9.99990575e-01
      4.10000000e-01       1.00003185e+00       1.00004633e+00       9.99999840e-01       9.99988358e-01       9.99990540e-01       9.99989962e-01
      4.20000000e-01       1.00003339e+00       1.00004817e+00       9.99999194e-01       9.99987040e-01       9.99990025e-01       9.99989320e-01
      4.30000000e-01       1.00003495e+00       1.00005001e+00       9.99998477e-01       9.99985628e-01       9.99989492e-01       9.99988647e-01
      4.40000000e-01       1.00003655e+00       1.00005186e+00       9.99997688e-01       9.99984121e-01       9.99988940e-01       9.99987942e-01
      4.50000000e-01       1.00003819e+00       1.00005370e+00       9.99996823e-01       9.99982516e-01       9.99988369e-01       9.99987204e-01
      4.60000000e-01       1.00003985e+00       1.00005553e+00       9.99995880e-01       9.99980809e-01       9.99987778e-01       9.99986432e-01
      4.70000000e-01       1.00004155e+00       1.00005736e+00       9.99994855e-01       9.99978999e-01       9.99987167e-01       9.99985624e-01
      4.80000000e-01       1.00004328e+00       1.00005919e+00       9.99993747e-01       9.99977083e-01       9.99986535e-01       9.99984780e-01
      4.90000000e-01       1.00004504e+00       1.00006099e+00       9.99992553e-01       9.99975059e-01       9.99985881e-01       9.99983897e-01
      5.00000000e-01       1.00004684e+00       1.00006279e+00       9.99991269e-01       9.99972925e-01       9.99985205e-01       9.99982974e-01
      5.10000000e-01       1.00004866e+00       1.00006457e+00       9.99989895e-01       9.99970678e-01       9.99984506e-01       9.99982010e-01
      5.20000000e-01       1.00005052e+00       1.00006632e+00       9.99988427e-01       9.99968317e-01       9.99983783e-01       9.99981003e-01
      5.30000000e-01       1.00005240e+00       1.00006806e+00       9.99986864e-01       9.99965840e-01       9.99983036e-01       9.99979952e-01
      5.40000000e-01       1.00005432e+00       1.00006977e+00       9.99985202e-01       9.99963246e-01       9.99982263e-01       9.99978856e-01
      5.50000000e-01       1.00005627e+00       1.00007145e+00       9.99983441e-01       9.99960532e-01       9.99981464e-01       9.99977712e-01
      5.60000000e-01       1.00005825e+00       1.00007310e+00       9.99981578e-01       9.99957699e-01       9.99980639e-01       9.99976519e-01
      5.70000000e-01       1.00006026e+00       1.00007472e+00       9.99979611e-01       9.99954744e-01       9.99979786e-01       9.99975276e-01
      5.80000000e-01       1.00006229e+00       1.00007631e+00       9.99977538e-01       9.99951668e-01       9.99978904e-01       9.99973980e-01
      5.90000000e-01       1.00006436e+00       1.00007786e+00       9.99975359e-01       9.99948468e-01       9.99977992e-01       9.99972630e-01
      6.00000000e-01       1.00006646e+00       1.00007937e+00       9.99973071e-01       9.99945146e-01       9.99977050e-01       9.99971225e-01
      6.10000000e-01       1.00006858e+00       1.00008083e+00       9.99970673e-01       9.99941700e-01       9.99976077e-01       9.99969762e-01
      6.20000000e-01       1.00007074e+00       1.00008226e+00       9.99968163e-01       9.99938130e-01       9.99975071e-01       9.99968239e-01
      6.30000000e-01       1.00007292e+00       1.00008363e+00       9.99965542e-01       9.99934437e-01       9.99974031e-01       9.99966655e-01
      6.40000000e-01       1.00007513e+00       1.00008496e+00       9.99962807e-01       9.99930620e-01       9.99972957e-01       9.99965008e-01
      6.50000000e-01       1.00007737e+00       1.00008623e+00       9.99959958e-01       9.99926681e-01       9.99971848e-01       9.99963296e-01
      6.60000000e-01       1.00007963e+00       1.00008745e+00       9.99956993e-01       9.99922620e-01       9.99970702e-01       9.99961518e-01
      6.70000000e-01       1.00008193e+00       1.00008862e+00       9.99953913e-01       9.99918437e-01       9.99969518e-01       9.99959670e-01
      6.80000000e-01       1.00008425e+00       1.00008972e+00       9.99950718e-01       9.99914135e-01       9.99968295e-01       9.99957751e-01
      6.90000000e-01       1.00008660e+00       1.00009077e+00       9.99947405e-01       9.99909713e-01       9.99967032e-01       9.99955759e-01
      7.00000000e-01       1.00008897e+00       1.00009175e+00       9.99943976e-01       9.99905175e-01       9.99965729e-01       9.99953693e-01
      7.10000000e-01       1.00009137e+00       1.00009267e+00       9.99940431e-01       9.99900521e-01       9.99964382e-01       9.99951549e-01
      7.20000000e-01       1.00009380e+00       1.00009353e+00       9.99936769e-01       9.99895754e-01       9.99962993e-01       9.99949326e-01
      7.30000000e-01       1.00009625e+00       1.00009431e+00       9.99932991e-01       9.99890875e-01       9.99961558e-01       9.99947022e-01
      7.40000000e-01       1.00009873e+00       1.00009503e+00       9.99929097e-01       9.99885888e-01       9.99960078e-01       9.99944635e-01
      7.50000000e-01       1.00010123e+00       1.00009567e+00       9.99925088e-01       9.99880794e-01       9.99958550e-01       9.99942163e-01
      7.60000000e-01       1.00010376e+00       1.00009624e+00       9.99920964e-01       9.99875597e-01       9.99956974e-01       9.99939603e-01
      7.70000000e-01       1.00010632e+00       1.00009673e+00       9.99916726e-01       9.99870299e-01       9.99955348e-01       9.99936953e-01
      7.80000000e-01       1.00010889e+00       1.00009715e+00       9.99912375e-01       9.99864904e-01       9.99953671e-01       9.99934212e-01
      7.90000000e-01       1.00011150e+00       1.00009749e+00       9.99907913e-01       9.99859415e-01       9.99951942e-01       9.99931377e-01
      8.00000000e-01       1.00011413e+00       1.00009775e+00       9.99903340e-01       9.99853836e-01       9.99950159e-01       9.99928446e-01
      8.10000000e-01       1.00011678e+00       1.00009792e+00       9.99898659e-01       9.99848170e-01       9.99948321e-01       9.99925416e-01
      8.20000000e-01       1.00011945e+00       1.00009802e+00       9.99893870e-01       9.99842422e-01       9.99946427e-01       9.99922287e-01
      8.30000000e-01       1.00012215e+00       1.00009803e+00       9.99888975e-01       9.99836596e-01       9.99944475e-01       9.99919055e-01
      8.40000000e-01       1.00012487e+00       1.00009796e+00       9.99883976e-01       9.99830695e-01       9.99942464e-01       9.99915718e-01
      8.50000000e-01       1.00012762e+00       1.00009780e+00       9.99878875e-01       9.99824726e-01       9.99940394e-01       9.99912275e-01
      8.60000000e-01       1.00013039e+00       1.00009755e+00       9.99873674e-01       9.99818691e-01       9.99938261e-01       9.99908723e-01
      8.70000000e-01       1.00013318e+00       1.00009721e+00       9.99868375e-01       9.99812596e-01       9.99936066e-01       9.99905059e-01
      8.80000000e-01       1.00013600e+00       1.00009679e+00       9.99862981e-01       9.99806447e-01       9.99933807e-01       9.99901283e-01
      8.90000000e-01       1.00013883e+00       1.00009627e+00       9.99857497e-01       9.99800252e-01       9.99931482e-01       9.99897392e-01
      9.00000000e-01       1.00014169e+00       1.00009566e+00       9.99851926e-01       9.99794016e-01       9.99929091e-01       9.99893385e-01
      9.10000000e-01       1.00014457e+00       1.00009497e+00       9.99846269e-01       9.99787744e-01       9.99926632e-01       9.99889258e-01
      9.20000000e-01       1.00014748e+00       1.00009417e+00       9.99840530e-01       9.99781442e-01       9.99924104e-01       9.99885010e-01
      9.30000000e-01       1.00015040e+00       1.00009329e+00       9.99834712e-01       9.99775117e-01       9.99921505e-01       9.99880640e-01
      9.40000000e-01       1.00015335e+00       1.00009231e+00       9.99828818e-01       9.99768774e-01       9.99918835e-01       9.99876145e-01
      9.50000000e-01       1.00015632e+00       1.00009124e+00       9.99822852e-01       9.99762419e-01       9.99916092e-01       9.99871523e-01
      9.60000000e-01       1.00015931e+00       1.00009007e+00       9.99816817e-01       9.99756060e-01       9.99913275e-01       9.99866772e-01
      9.70000000e-01       1.00016232e+00       1.00008881e+00       9.99810717e-01       9.99749701e-01       9.99910382e-01       9.99861891e-01
      9.80000000e-01       1.00016535e+00       1.00008746e+00       9.99804555e-01       9.99743350e-01       9.99907413e-01       9.99856878e-01
      9.90000000e-01       1.00016840e+00       1.00008601e+00       9.99798334e-01       9.99737012e-01       9.99904367e-01       9.99851730e-01
      1.00000000e+00       1.00017147e+00       1.00008446e+00       9.99792059e-01       9.99730696e-01       9.99901241e-01       9.99846447e-01
