      0.00000000e+00       1.00000000e+00       1.00000000e+00       1.00000000e+00       1.00000000e+00       1.00000000e+00       1.00000000e+00
      1.00000000e-02       1.00000002e+00       9.99999918e-01       1.00000005e+00       9.99999931e-01       1.00000005e+00       9.99999947e-01
      2.00000000e-02       1.00000008e+00       9.99999673e-01       1.00000021e+00       9.99999733e-01       1.00000021e+00       9.99999786e-01
      3.00000000e-02       1.00000017e+00       9.99999264e-01       1.00000047e+00       9.99999431e-01       1.00000047e+00       9.99999519e-01
      4.00000000e-02       1.00000030e+00       9.99998690e-01       1.00000085e+00       9.99999066e-01       1.00000083e+00       9.99999144e-01
      5.00000000e-02       1.00000047e+00       9.99997951e-01       1.00000133e+00       9.99998683e-01       1.00000130e+00       9.99998660e-01
      6.00000000e-02       1.00000068e+00       9.99997045e-01       1.00000192e+00       9.99998334e-01       1.00000186e+00       9.99998068e-01
      7.00000000e-02       1.00000092e+00       9.99995973e-01       1.00000262e+00       9.99998062e-01       1.00000251e+00       9.99997367e-01
      8.00000000e-02       1.00000120e+00       9.99994734e-01       1.00000344e+00       9.99997903e-01       1.00000325e+00       9.99996557e-01
      9.00000000e-02       1.00000152e+00       9.99993332e-01       1.00000436e+00       9.99997875e-01       1.00000408e+00       9.99995638e-01
      1.00000000e-01       1.00000188e+00       9.99991766e-01       1.00000539e+00       9.99997982e-01       1.00000500e+00       9.99994610e-01
      1.10000000e-01       1.00000227e+00       9.99990042e-01       1.00000653e+00       9.99998206e-01       1.00000600e+00       9.99993473e-01
      1.20000000e-01       1.00000270e+00       9.99988162e-01       1.00000776e+00       9.99998517e-01       1.00000708e+00       9.99992230e-01
      1.30000000e-01       1.00000317e+00       9.99986131e-01       1.00000909e+00       9.99998871e-01       1.00000824e+00       9.99990881e-01
      1.40000000e-01       1.00000367e+00       9.99983955e-01       1.00001051e+00       9.99999217e-01       1.00000948e+00       9.99989427e-01
      1.50000000e-01       1.00000420e+00       9.99981638e-01       1.00001200e+00       9.99999506e-01       1.00001079e+00       9.99987871e-01
      1.60000000e-01       1.00000478e+00       9.99979187e-01       1.00001357e+00       9.99999696e-01       1.00001217e+00       9.99986212e-01
      1.70000000e-01       1.00000539e+00       9.99976606e-01       1.00001521e+00       9.99999754e-01       1.00001362e+00       9.99984453e-01
      1.80000000e-01       1.00000603e+00       9.99973901e-01       1.00001690e+00       9.99999667e-01       1.00001514e+00       9.99982594e-01
      1.90000000e-01       1.00000671e+00       9.99971075e-01       1.00001865e+00       9.99999438e-01       1.00001671e+00       9.99980636e-01
      2.00000000e-01       1.00000742e+00       9.99968132e-01       1.00002046e+00       9.99999087e-01       1.00001834e+00       9.99978580e-01
      2.10000000e-01       1.00000816e+00       9.99965075e-01       1.00002231e+00       9.99998649e-01       1.00002001e+00       9.99976427e-01
      2.20000000e-01       1.00000894e+00       9.99961909e-01       1.00002421e+00       9.99998169e-01       1.00002173e+00       9.99974176e-01
      2.30000000e-01       1.00000976e+00       9.99958637e-01       1.00002615e+00       9.99997696e-01       1.00002348e+00       9.99971828e-01
      2.40000000e-01       1.00001060e+00       9.99955262e-01       1.00002813e+00       9.99997276e-01       1.00002526e+00       9.99969383e-01
      2.50000000e-01       1.00001148e+00       9.99951788e-01       1.00003014e+00       9.99996946e-01       1.00002705e+00       9.99966843e-01
      2.60000000e-01       1.00001239e+00       9.99948220e-01       1.00003219e+00       9.99996729e-01       1.00002886e+00       9.99964208e-01
      2.70000000e-01       1.00001333e+00       9.99944564e-01       1.00003426e+00       9.99996632e-01       1.00003068e+00       9.99961478e-01
      2.80000000e-01       1.00001430e+00       9.99940826e-01       1.00003634e+00       9.99996642e-01       1.00003249e+00       9.99958657e-01
      2.90000000e-01       1.00001531e+00       9.99937014e-01       1.00003844e+00       9.99996732e-01       1.00003431e+00       9.99955744e-01
      3.00000000e-01       1.00001634e+00       9.99933135e-01       1.00004053e+00       9.99996860e-01       1.00003611e+00       9.99952744e-01
      3.10000000e-01       1.00001740e+00       9.99929198e-01       1.00004261e+00       9.99996976e-01       1.00003789e+00       9.99949656e-01
      3.20000000e-01       1.00001850e+00       9.99925211e-01       1.00004467e+00       9.99997030e-01       1.00003966e+00       9.99946485e-01
      3.30000000e-01       1.00001962e+00       9.99921181e-01       1.00004670e+00       9.99996975e-01       1.00004139e+00       9.99943231e-01
      3.40000000e-01       1.00002077e+00       9.99917118e-01       1.00004869e+00       9.99996777e-01       1.00004310e+00       9.99939898e-01
      3.50000000e-01       1.00002194e+00       9.99913029e-01       1.00005063e+00       9.99996415e-01       1.00004477e+00       9.99936487e-01
      3.60000000e-01       1.00002315e+00       9.99908920e-01       1.00005251e+00       9.99995888e-01       1.00004639e+00       9.99932999e-01
      3.70000000e-01       1.00002438e+00       9.99904798e-01       1.00005433e+00       9.99995210e-01       1.00004796e+00       9.99929438e-01
      3.80000000e-01       1.00002564e+00       9.99900668e-01       1.00005609e+00       9.99994412e-01       1.00004947e+00       9.99925802e-01
      3.90000000e-01       1.00002692e+00       9.99896536e-01       1.00005777e+00       9.99993538e-01       1.00005091e+00       9.99922095e-01
      4.00000000e-01       1.00002823e+00       9.99892407e-01       1.00005937e+00       9.99992635e-01       1.00005227e+00       9.99918318e-01
      4.10000000e-01       1.00002957e+00       9.99888286e-01       1.00006089e+00       9.99991751e-01       1.00005354e+00       9.99914470e-01
      4.20000000e-01       1.00003092e+00       9.99884179e-01       1.00006232e+00       9.99990925e-01       1.00005473e+00       9.99910555e-01
      4.30000000e-01       1.00003230e+00       9.99880091e-01       1.00006366e+00       9.99990185e-01       1.00005581e+00       9.99906573e-01
      4.40000000e-01       1.00003371e+00       9.99876029e-01       1.00006491e+00       9.99989542e-01       1.00005678e+00       9.99902527e-01
      4.50000000e-01       1.00003514e+00       9.99872000e-01       1.00006604e+00       9.99988989e-01       1.00005764e+00       9.99898419e-01
      4.60000000e-01       1.00003659e+00       9.99868012e-01       1.00006706e+00       9.99988502e-01       1.00005838e+00       9.99894251e-01
      4.70000000e-01       1.00003806e+00       9.99864073e-01       1.00006795e+00       9.99988043e-01       1.00005899e+00       9.99890026e-01
      4.80000000e-01       1.00003955e+00       9.99860191e-01       1.00006871e+00       9.99987564e-01       1.00005948e+00       9.99885748e-01
      4.90000000e-01       1.00004106e+00       9.99856375e-01       1.00006933e+00       9.99987014e-01       1.00005983e+00       9.99881419e-01
      5.00000000e-01       1.00004260e+00       9.99852633e-01       1.00006979e+00       9.99986345e-01       1.00006004e+00       9.99877042e-01
      5.10000000e-01       1.00004415e+00       9.99848973e-01       1.00007010e+00       9.99985518e-01       1.00006010e+00       9.99872620e-01
      5.20000000e-01       1.00004572e+00       9.99845403e-01       1.00007023e+00       9.99984511e-01       1.00006002e+00       9.99868157e-01
      5.30000000e-01       1.00004731e+00       9.99841928e-01       1.00007019e+00       9.99983315e-01       1.00005978e+00       9.99863655e-01
      5.40000000e-01       1.00004892e+00       9.99838554e-01       1.00006998e+00       9.99981942e-01       1.00005938e+00       9.99859115e-01
      5.50000000e-01       1.00005055e+00       9.99835287e-01       1.00006957e+00       9.99980419e-01       1.00005882e+00       9.99854541e-01
      5.60000000e-01       1.00005220e+00       9.99832130e-01       1.00006899e+00       9.99978787e-01       1.00005808e+00       9.99849935e-01
      5.70000000e-01       1.00005386e+00       9.99829087e-01       1.00006821e+00       9.99977093e-01       1.00005717e+00       9.99845298e-01
      5.80000000e-01       1.00005554e+00       9.99826162e-01       1.00006724e+00       9.99975387e-01       1.00005607e+00       9.99840633e-01
      5.90000000e-01       1.00005723e+00       9.99823358e-01       1.00006609e+00       9.99973710e-01       1.00005479e+00       9.99835942e-01
      6.00000000e-01       1.00005894e+00       9.99820679e-01       1.00006473e+00       9.99972096e-01       1.00005332e+00       9.99831226e-01
      6.10000000e-01       1.00006067e+00       9.99818130e-01       1.00006318e+00       9.99970561e-01       1.00005164e+00       9.99826490e-01
      6.20000000e-01       1.00006241e+00       9.99815716e-01       1.00006143e+00       9.99969104e-01       1.00004977e+00       9.99821735e-01
      6.30000000e-01       1.00006416e+00       9.99813440e-01       1.00005947e+00       9.99967705e-01       1.00004770e+00       9.99816965e-01
      6.40000000e-01       1.00006593e+00       9.99811309e-01       1.00005731e+00       9.99966332e-01       1.00004542e+00       9.99812183e-01
      6.50000000e-01       1.00006772e+00       9.99809329e-01       1.00005492e+00       9.99964939e-01       1.00004294e+00       9.99807393e-01
      6.60000000e-01       1.00006951e+00       9.99807505e-01       1.00005232e+00       9.99963476e-01       1.00004026e+00       9.99802598e-01
      6.70000000e-01       1.00007132e+00       9.99805842e-01       1.00004949e+00       9.99961896e-01       1.00003737e+00       9.99797804e-01
      6.80000000e-01       1.00007315e+00       9.99804345e-01       1.00004643e+00       9.99960157e-01       1.00003428e+00       9.99793012e-01
      6.90000000e-01       1.00007499e+00       9.99803018e-01       1.00004314e+00       9.99958232e-01       1.00003098e+00       9.99788227e-01
      7.00000000e-01       1.00007683e+00       9.99801864e-01       1.00003962e+00       9.99956110e-01       1.00002748e+00       9.99783452e-01
      7.10000000e-01       1.00007870e+00       9.99800886e-01       1.00003586e+00       9.99953799e-01       1.00002377e+00       9.99778690e-01
      7.20000000e-01       1.00008057e+00       9.99800085e-01       1.00003187e+00       9.99951324e-01       1.00001986e+00       9.99773943e-01
      7.30000000e-01       1.00008246e+00       9.99799461e-01       1.00002765e+00       9.99948721e-01       1.00001574e+00       9.99769216e-01
      7.40000000e-01       1.00008435e+00       9.99799013e-01       1.00002321e+00       9.99946040e-01       1.00001142e+00       9.99764509e-01
      7.50000000e-01       1.00008626e+00       9.99798743e-01       1.00001854e+00       9.99943331e-01       1.00000689e+00       9.99759826e-01
      7.60000000e-01       1.00008819e+00       9.99798648e-01       1.00001365e+00       9.99940639e-01       1.00000215e+00       9.99755170e-01
      7.70000000e-01       1.00009012e+00       9.99798729e-01       1.00000855e+00       9.99938003e-01       9.99997212e-01       9.99750542e-01
      7.80000000e-01       1.00009206e+00       9.99798985e-01       1.00000324e+00       9.99935444e-01       9.99992070e-01       9.99745947e-01
      7.90000000e-01       1.00009402e+00       9.99799415e-01       9.99997716e-01       9.99932967e-01       9.99986728e-01       9.99741387e-01
      8.00000000e-01       1.00009598e+00       9.99800021e-01       9.99991989e-01       9.99930561e-01       9.99981190e-01       9.99736865e-01
      8.10000000e-01       1.00009796e+00       9.99800803e-01       9.99986058e-01       9.99928196e-01       9.99975461e-01       9.99732387e-01
      8.20000000e-01       1.00009995e+00       9.99801762e-01       9.99979923e-01       9.99925831e-01       9.99969546e-01       9.99727954e-01
      8.30000000e-01       1.00010195e+00       9.99802899e-01       9.99973587e-01       9.99923418e-01       9.99963450e-01       9.99723573e-01
      8.40000000e-01       1.00010396e+00       9.99804214e-01       9.99967051e-01       9.99920911e-01       9.99957180e-01       9.99719246e-01
      8.50000000e-01       1.00010599e+00       9.99805707e-01       9.99960318e-01       9.99918266e-01       9.99950743e-01       9.99714977e-01
      8.60000000e-01       1.00010802e+00       9.99807377e-01       9.99953392e-01       9.99915454e-01       9.99944144e-01       9.99710771e-01
      8.70000000e-01       1.00011007e+00       9.99809223e-01       9.99946276e-01       9.99912461e-01       9.99937391e-01       9.99706631e-01
      8.80000000e-01       1.00011212e+00       9.99811243e-01       9.99938978e-01       9.99909290e-01       9.99930489e-01       9.99702560e-01
      8.90000000e-01       1.00011419e+00       9.99813432e-01       9.99931505e-01       9.99905963e-01       9.99923445e-01       9.99698562e-01
      9.00000000e-01       1.00011628e+00       9.99815786e-01       9.99923867e-01       9.99902517e-01       9.99916265e-01       9.99694639e-01
      9.10000000e-01       1.00011837e+00       9.99818301e-01       9.99916071e-01       9.99898999e-01       9.99908954e-01       9.99690793e-01
      9.20000000e-01       1.00012047e+00       9.99820970e-01       9.99908131e-01       9.99895459e-01       9.99901518e-01       9.99687028e-01
      9.30000000e-01       1.00012259e+00       9.99823788e-01       9.99900054e-01       9.99891949e-01       9.99893966e-01       9.99683346e-01
      9.40000000e-01       1.00012472e+00       9.99826749e-01       9.99891854e-01       9.99888510e-01       9.99886302e-01       9.99679749e-01
      9.50000000e-01       1.00012687e+00       9.99829848e-01       9.99883538e-01       9.99885170e-01       9.99878537e-01       9.99676241e-01
      9.60000000e-01       1.00012902e+00       9.99833079e-01       9.99875118e-01       9.99881941e-01       9.99870677e-01       9.99672824e-01
      9.70000000e-01       1.00013119e+00       9.99836439e-01       9.99866601e-01       9.99878815e-01       9.99862733e-01       9.99669503e-01
      9.80000000e-01       1.00013338e+00       9.99839922e-01       9.99857996e-01       9.99875771e-01       9.99854715e-01       9.99666279e-01
      9.90000000e-01       1.00013558e+00       9.99843525e-01       9.99849310e-01       9.99872770e-01       9.99846634e-01       9.99663158e-01
      1.00000000e+00       1.00013779e+00       9.99847243e-01       9.99840551e-01       9.99869769e-01       9.99838501e-01       9.99660142e-01
