      0.00000000e+00       1.00000000e+00       1.00000000e+00       1.00000000e+00       1.00000000e+00       1.00000000e+00       1.00000000e+00       1.00000000e+00       1.00000000e+00
      1.00000000e-02       1.00000000e+00       9.99999899e-01       1.00003802e+00       9.99961946e-01       9.99962090e-01       1.00003798e+00       9.99999973e-01       1.00000000e+00
      2.00000000e-02       1.00000000e+00       9.99999658e-01       1.00015197e+00       9.99847843e-01       9.99848518e-01       1.00015183e+00       9.99999906e-01       1.00000000e+00
      3.00000000e-02       1.00000001e+00       9.99999299e-01       1.00034174e+00       9.99657775e-01       9.99659372e-01       1.00034146e+00       9.99999816e-01       1.00000001e+00
      4.00000000e-02       1.00000004e+00       9.99998854e-01       1.00060715e+00       9.99391889e-01       9.99394791e-01       1.00060669e+00       9.99999733e-01       1.00000004e+00
      5.00000000e-02       1.00000009e+00       9.99998364e-01       1.00094794e+00       9.99050384e-01       9.99054970e-01       1.00094726e+00       9.99999698e-01       1.00000009e+00
      6.00000000e-02       1.00000019e+00       9.99997885e-01       1.00136379e+00       9.98633522e-01       9.98640156e-01       1.00136285e+00       9.99999765e-01       1.00000020e+00
      7.00000000e-02       1.00000036e+00       9.99997485e-01       1.00185429e+00       9.98141618e-01       9.98150653e-01       1.00185307e+00       9.99999996e-01       1.00000037e+00
      8.00000000e-02       1.00000061e+00       9.99997241e-01       1.00241897e+00       9.97575048e-01       9.97586817e-01       1.00241747e+00       1.00000047e+00       1.00000062e+00
      9.00000000e-02       1.00000098e+00       9.99997245e-01       1.00305729e+00       9.96934242e-01       9.96949060e-01       1.00305550e+00       1.00000127e+00       1.00000100e+00
      1.00000000e-01       1.00000149e+00       9.99997597e-01       1.00376865e+00       9.96219687e-01       9.96237844e-01       1.00376657e+00       1.00000250e+00       1.00000153e+00
      1.10000000e-01       1.00000219e+00       9.99998411e-01       1.00455235e+00       9.95431926e-01       9.95453687e-01       1.00455002e+00       1.00000426e+00       1.00000224e+00
      1.20000000e-01       1.00000310e+00       9.99999810e-01       1.00540764e+00       9.94571555e-01       9.94597157e-01       1.00540511e+00       1.00000668e+00       1.00000318e+00
      1.30000000e-01       1.00000427e+00       1.00000193e+00       1.00633372e+00       9.93639225e-01       9.93668873e-01       1.00633104e+00       1.00000988e+00       1.00000439e+00
      1.40000000e-01       1.00000574e+00       1.00000491e+00       1.00732968e+00       9.92635642e-01       9.92669507e-01       1.00732695e+00       1.00001401e+00       1.00000591e+00
      1.50000000e-01       1.00000758e+00       1.00000891e+00       1.00839459e+00       9.91561562e-01       9.91599780e-01       1.00839190e+00       1.00001921e+00       1.00000779e+00
      1.60000000e-01       1.00000981e+00       1.00001409e+00       1.00952743e+00       9.90417794e-01       9.90460461e-01       1.00952490e+00       1.00002565e+00       1.00001010e+00
      1.70000000e-01       1.00001252e+00       1.00002063e+00       1.01072711e+00       9.89205198e-01       9.89252370e-01       1.01072490e+00       1.00003349e+00       1.00001289e+00
      1.80000000e-01       1.00001574e+00       1.00002870e+00       1.01199250e+00       9.87924682e-01       9.87976373e-01       1.01199079e+00       1.00004291e+00       1.00001622e+00
      1.90000000e-01       1.00001956e+00       1.00003850e+00       1.01332240e+00       9.86577204e-01       9.86633384e-01       1.01332139e+00       1.00005409e+00       1.00002017e+00
      2.00000000e-01       1.00002404e+00       1.00005023e+00       1.01471556e+00       9.85163768e-01       9.85224360e-01       1.01471546e+00       1.00006724e+00       1.00002479e+00
      2.10000000e-01       1.00002926e+00       1.00006409e+00       1.01617065e+00       9.83685427e-01       9.83750307e-01       1.01617173e+00       1.00008254e+00       1.00003017e+00
      2.20000000e-01       1.00003528e+00       1.00008029e+00       1.01768630e+00       9.82143276e-01       9.82212271e-01       1.01768884e+00       1.00010021e+00       1.00003639e+00
      2.30000000e-01       1.00004220e+00       1.00009905e+00       1.01926110e+00       9.80538455e-01       9.80611342e-01       1.01926540e+00       1.00012046e+00       1.00004353e+00
      2.40000000e-01       1.00005009e+00       1.00012061e+00       1.02089355e+00       9.78872147e-01       9.78948652e-01       1.02089997e+00       1.00014351e+00       1.00005168e+00
      2.50000000e-01       1.00005906e+00       1.00014517e+00       1.02258215e+00       9.77145576e-01       9.77225373e-01       1.02259105e+00       1.00016958e+00       1.00006093e+00
      2.60000000e-01       1.00006918e+00       1.00017299e+00       1.02432531e+00       9.75360004e-01       9.75442715e-01       1.02433710e+00       1.00019891e+00       1.00007138e+00
      2.70000000e-01       1.00008057e+00       1.00020430e+00       1.02612141e+00       9.73516733e-01       9.73601928e-01       1.02613651e+00       1.00023173e+00       1.00008313e+00
      2.80000000e-01       1.00009332e+00       1.00023934e+00       1.02796879e+00       9.71617102e-01       9.71704296e-01       1.02798767e+00       1.00026828e+00       1.00009629e+00
      2.90000000e-01       1.00010755e+00       1.00027836e+00       1.02986574e+00       9.69662484e-01       9.69751139e-01       1.02988888e+00       1.00030879e+00       1.00011096e+00
      3.00000000e-01       1.00012336e+00       1.00032160e+00       1.03181051e+00       9.67654286e-01       9.67743813e-01       1.03183844e+00       1.00035352e+00       1.00012727e+00
      3.10000000e-01       1.00014087e+00       1.00036932e+00       1.03380133e+00       9.65593948e-01       9.65683703e-01       1.03383459e+00       1.00040270e+00       1.00014533e+00
      3.20000000e-01       1.00016020e+00       1.00042175e+00       1.03583636e+00       9.63482939e-01       9.63572228e-01       1.03587554e+00       1.00045659e+00       1.00016527e+00
      3.30000000e-01       1.00018149e+00       1.00047916e+00       1.03791376e+00       9.61322759e-01       9.61410836e-01       1.03795947e+00       1.00051542e+00       1.00018722e+00
      3.40000000e-01       1.00020485e+00       1.00054178e+00       1.04003164e+00       9.59114934e-01       9.59201002e-01       1.04008451e+00       1.00057946e+00       1.00021130e+00
      3.50000000e-01       1.00023043e+00       1.00060987e+00       1.04218809e+00       9.56861014e-01       9.56944229e-01       1.04224878e+00       1.00064893e+00       1.00023766e+00
      3.60000000e-01       1.00025837e+00       1.00068368e+00       1.04438117e+00       9.54562577e-01       9.54642044e-01       1.04445037e+00       1.00072409e+00       1.00026645e+00
      3.70000000e-01       1.00028881e+00       1.00076343e+00       1.04660891e+00       9.52221221e-01       9.52296000e-01       1.04668733e+00       1.00080518e+00       1.00029781e+00
      3.80000000e-01       1.00032190e+00       1.00084938e+00       1.04886933e+00       9.49838562e-01       9.49907671e-01       1.04895772e+00       1.00089244e+00       1.00033189e+00
      3.90000000e-01       1.00035780e+00       1.00094175e+00       1.05116042e+00       9.47416239e-01       9.47478650e-01       1.05125953e+00       1.00098610e+00       1.00036885e+00
      4.00000000e-01       1.00039666e+00       1.00104078e+00       1.05348017e+00       9.44955907e-01       9.45010553e-01       1.05359077e+00       1.00108640e+00       1.00040886e+00
      4.10000000e-01       1.00043866e+00       1.00114670e+00       1.05582653e+00       9.42459233e-01       9.42505010e-01       1.05594943e+00       1.00119355e+00       1.00045208e+00
      4.20000000e-01       1.00048396e+00       1.00125970e+00       1.05819746e+00       9.39927903e-01       9.39963670e-01       1.05833347e+00       1.00130779e+00       1.00049869e+00
      4.30000000e-01       1.00053274e+00       1.00138002e+00       1.06059089e+00       9.37363612e-01       9.37388195e-01       1.06074086e+00       1.00142932e+00       1.00054886e+00
      4.40000000e-01       1.00058518e+00       1.00150785e+00       1.06300476e+00       9.34768063e-01       9.34780260e-01       1.06316952e+00       1.00155834e+00       1.00060278e+00
      4.50000000e-01       1.00064147e+00       1.00164338e+00       1.06543700e+00       9.32142973e-01       9.32141553e-01       1.06561742e+00       1.00169507e+00       1.00066064e+00
      4.60000000e-01       1.00070178e+00       1.00178680e+00       1.06788554e+00       9.29490060e-01       9.29473769e-01       1.06808248e+00       1.00183969e+00       1.00072262e+00
      4.70000000e-01       1.00076633e+00       1.00193828e+00       1.07034829e+00       9.26811050e-01       9.26778615e-01       1.07056264e+00       1.00199238e+00       1.00078892e+00
      4.80000000e-01       1.00083530e+00       1.00209799e+00       1.07282320e+00       9.24107673e-01       9.24057801e-01       1.07305583e+00       1.00215330e+00       1.00085975e+00
      4.90000000e-01       1.00090891e+00       1.00226608e+00       1.07530817e+00       9.21381660e-01       9.21313046e-01       1.07555998e+00       1.00232263e+00       1.00093532e+00
      5.00000000e-01       1.00098736e+00       1.00244268e+00       1.07780117e+00       9.18634739e-01       9.18546070e-01       1.07807303e+00       1.00250050e+00       1.00101583e+00
      5.10000000e-01       1.00107087e+00       1.00262793e+00       1.08030012e+00       9.15868642e-01       9.15758597e-01       1.08059293e+00       1.00268707e+00       1.00110151e+00
      5.20000000e-01       1.00115967e+00       1.00282195e+00       1.08280299e+00       9.13085094e-01       9.12952350e-01       1.08311764e+00       1.00288244e+00       1.00119257e+00
      5.30000000e-01       1.00125397e+00       1.00302482e+00       1.08530775e+00       9.10285815e-01       9.10129053e-01       1.08564510e+00       1.00308674e+00       1.00128925e+00
      5.40000000e-01       1.00135401e+00       1.00323664e+00       1.08781238e+00       9.07472520e-01       9.07290427e-01       1.08817332e+00       1.00330005e+00       1.00139177e+00
      5.50000000e-01       1.00146001e+00       1.00345748e+00       1.09031488e+00       9.04646916e-01       9.04438189e-01       1.09070026e+00       1.00352247e+00       1.00150037e+00
      5.60000000e-01       1.00157223e+00       1.00368738e+00       1.09281328e+00       9.01810701e-01       9.01574051e-01       1.09322395e+00       1.00375406e+00       1.00161528e+00
      5.70000000e-01       1.00169090e+00       1.00392640e+00       1.09530562e+00       8.98965560e-01       8.98699719e-01       1.09574240e+00       1.00399487e+00       1.00173677e+00
      5.80000000e-01       1.00181628e+00       1.00417456e+00       1.09778997e+00       8.96113169e-01       8.95816892e-01       1.09825367e+00       1.00424494e+00       1.00186507e+00
      5.90000000e-01       1.00194862e+00       1.00443185e+00       1.10026441e+00       8.93255187e-01       8.92927256e-01       1.10075583e+00       1.00450429e+00       1.00200043e+00
      6.00000000e-01       1.00208817e+00       1.00469827e+00       1.10272707e+00       8.90393259e-01       8.90032491e-01       1.10324696e+00       1.00477293e+00       1.00214313e+00
      6.10000000e-01       1.00223521e+00       1.00497378e+00       1.10517609e+00       8.87529015e-01       8.87134261e-01       1.10572520e+00       1.00505083e+00       1.00229341e+00
      6.20000000e-01       1.00238998e+00       1.00525833e+00       1.10760965e+00       8.84664066e-01       8.84234220e-01       1.10818868e+00       1.00533797e+00       1.00245156e+00
      6.30000000e-01       1.00255278e+00       1.00555186e+00       1.11002597e+00       8.81800003e-01       8.81334005e-01       1.11063560e+00       1.00563430e+00       1.00261783e+00
      6.40000000e-01       1.00272387e+00       1.00585428e+00       1.11242328e+00       8.78938399e-01       8.78435239e-01       1.11306415e+00       1.00593974e+00       1.00279250e+00
      6.50000000e-01       1.00290354e+00       1.00616548e+00       1.11479987e+00       8.76080804e-01       8.75539527e-01       1.11547258e+00       1.00625421e+00       1.00297585e+00
      6.60000000e-01       1.00309206e+00       1.00648533e+00       1.11715405e+00       8.73228746e-01       8.72648456e-01       1.11785916e+00       1.00657760e+00       1.00316816e+00
      6.70000000e-01       1.00328972e+00       1.00681368e+00       1.11948418e+00       8.70383729e-01       8.69763594e-01       1.12022222e+00       1.00690979e+00       1.00336973e+00
      6.80000000e-01       1.00349682e+00       1.00715037e+00       1.12178865e+00       8.67547234e-01       8.66886489e-01       1.12256011e+00       1.00725061e+00       1.00358083e+00
      6.90000000e-01       1.00371365e+00       1.00749520e+00       1.12406591e+00       8.64720713e-01       8.64018667e-01       1.12487120e+00       1.00759991e+00       1.00380176e+00
      7.00000000e-01       1.00394050e+00       1.00784796e+00       1.12631443e+00       8.61905595e-01       8.61161630e-01       1.12715394e+00       1.00795749e+00       1.00403283e+00
      7.10000000e-01       1.00417769e+00       1.00820843e+00       1.12853274e+00       8.59103278e-01       8.58316859e-01       1.12940680e+00       1.00832314e+00       1.00427431e+00
      7.20000000e-01       1.00442551e+00       1.00857633e+00       1.13071940e+00       8.56315135e-01       8.55485810e-01       1.13162830e+00       1.00869663e+00       1.00452653e+00
      7.30000000e-01       1.00468426e+00       1.00895141e+00       1.13287304e+00       8.53542506e-01       8.52669912e-01       1.13381698e+00       1.00907770e+00       1.00478978e+00
      7.40000000e-01       1.00495427e+00       1.00933336e+00       1.13499231e+00       8.50786704e-01       8.49870569e-01       1.13597147e+00       1.00946609e+00       1.00506436e+00
      7.50000000e-01       1.00523584e+00       1.00972185e+00       1.13707592e+00       8.48049009e-01       8.47089157e-01       1.13809042e+00       1.00986148e+00       1.00535060e+00
      7.60000000e-01       1.00552929e+00       1.01011655e+00       1.13912265e+00       8.45330671e-01       8.44327025e-01       1.14017251e+00       1.01026356e+00       1.00564881e+00
      7.70000000e-01       1.00583493e+00       1.01051708e+00       1.14113130e+00       8.42632906e-01       8.41585491e-01       1.14221651e+00       1.01067199e+00       1.00595929e+00
      7.80000000e-01       1.00615310e+00       1.01092306e+00       1.14310073e+00       8.39956898e-01       8.38865846e-01       1.14422122e+00       1.01108640e+00       1.00628236e+00
      7.90000000e-01       1.00648409e+00       1.01133408e+00       1.14502985e+00       8.37303796e-01       8.36169348e-01       1.14618548e+00       1.01150641e+00       1.00661835e+00
      8.00000000e-01       1.00682825e+00       1.01174970e+00       1.14691765e+00       8.34674718e-01       8.33497225e-01       1.14810819e+00       1.01193159e+00       1.00696758e+00
      8.10000000e-01       1.00718590e+00       1.01216946e+00       1.14876313e+00       8.32070745e-01       8.30850673e-01       1.14998831e+00       1.01236153e+00       1.00733036e+00
      8.20000000e-01       1.00755737e+00       1.01259288e+00       1.15056537e+00       8.29492922e-01       8.28230855e-01       1.15182486e+00       1.01279575e+00       1.00770702e+00
      8.30000000e-01       1.00794297e+00       1.01301946e+00       1.15232350e+00       8.26942259e-01       8.25638902e-01       1.15361688e+00       1.01323379e+00       1.00809788e+00
      8.40000000e-01       1.00834305e+00       1.01344868e+00       1.15403671e+00       8.24419732e-01       8.23075910e-01       1.15536350e+00       1.01367514e+00       1.00850328e+00
      8.50000000e-01       1.00875794e+00       1.01387998e+00       1.15570424e+00       8.21926277e-01       8.20542940e-01       1.15706388e+00       1.01411928e+00       1.00892354e+00
      8.60000000e-01       1.00918796e+00       1.01431279e+00       1.15732538e+00       8.19462795e-01       8.18041019e-01       1.15871726e+00       1.01456566e+00       1.00935899e+00
      8.70000000e-01       1.00963345e+00       1.01474652e+00       1.15889949e+00       8.17030149e-01       8.15571138e-01       1.16032291e+00       1.01501371e+00       1.00980996e+00
      8.80000000e-01       1.01009474e+00       1.01518056e+00       1.16042596e+00       8.14629166e-01       8.13134251e-01       1.16188018e+00       1.01546284e+00       1.01027678e+00
      8.90000000e-01       1.01057218e+00       1.01561427e+00       1.16190427e+00       8.12260633e-01       8.10731277e-01       1.16338845e+00       1.01591245e+00       1.01075979e+00
      9.00000000e-01       1.01106609e+00       1.01604700e+00       1.16333392e+00       8.09925300e-01       8.08363096e-01       1.16484716e+00       1.01636191e+00       1.01125930e+00
      9.10000000e-01       1.01157681e+00       1.01647808e+00       1.16471448e+00       8.07623879e-01       8.06030552e-01       1.16625584e+00       1.01681057e+00       1.01177567e+00
      9.20000000e-01       1.01210468e+00       1.01690682e+00       1.16604558e+00       8.05357043e-01       8.03734450e-01       1.16761401e+00       1.01725776e+00       1.01230923e+00
      9.30000000e-01       1.01265004e+00       1.01733251e+00       1.16732689e+00       8.03125428e-01       8.01475555e-01       1.16892130e+00       1.01770282e+00       1.01286030e+00
      9.40000000e-01       1.01321323e+00       1.01775444e+00       1.16855813e+00       8.00929631e-01       7.99254597e-01       1.17017736e+00       1.01814504e+00       1.01342923e+00
      9.50000000e-01       1.01379459e+00       1.01817188e+00       1.16973905e+00       7.98770209e-01       7.97072264e-01       1.17138188e+00       1.01858372e+00       1.01401636e+00
      9.60000000e-01       1.01439445e+00       1.01858410e+00       1.17086949e+00       7.96647684e-01       7.94929205e-01       1.17253462e+00       1.01901816e+00       1.01462202e+00
      9.70000000e-01       1.01501316e+00       1.01899036e+00       1.17194927e+00       7.94562539e-01       7.92826032e-01       1.17363537e+00       1.01944764e+00       1.01524656e+00
      9.80000000e-01       1.01565107e+00       1.01938991e+00       1.17297831e+00       7.92515219e-01       7.90763316e-01       1.17468397e+00       1.01987144e+00       1.01589032e+00
      9.90000000e-01       1.01630851e+00       1.01978200e+00       1.17395653e+00       7.90506131e-01       7.88741588e-01       1.17568027e+00       1.02028883e+00       1.01655363e+00
      1.00000000e+00       1.01698584e+00       1.02016589e+00       1.17488389e+00       7.88535647e-01       7.86761343e-01       1.17662421e+00       1.02069910e+00       1.01723686e+00
