      0.00000000e+00      -8.05677172e+00       8.00000000e+00
      1.00000000e-02      -8.05676900e+00       8.00000000e+00
      2.00000000e-02      -8.05676620e+00       8.00000000e+00
      3.00000000e-02      -8.05676349e+00       8.00000000e+00
      4.00000000e-02      -8.05676086e+00       8.00000000e+00
      5.00000000e-02      -8.05675831e+00       8.00000000e+00
      6.00000000e-02      -8.05675585e+00       8.00000000e+00
      7.00000000e-02      -8.05675348e+00       8.00000000e+00
      8.00000000e-02      -8.05675118e+00       8.00000001e+00
      9.00000000e-02      -8.05674898e+00       8.00000001e+00
      1.00000000e-01      -8.05674686e+00       8.00000001e+00
      1.10000000e-01      -8.05674484e+00       8.00000001e+00
      1.20000000e-01      -8.05674290e+00       8.00000001e+00
      1.30000000e-01      -8.05674104e+00       8.00000002e+00
      1.40000000e-01      -8.05673928e+00       8.00000002e+00
      1.50000000e-01      -8.05673761e+00       8.00000002e+00
      1.60000000e-01      -8.05673603e+00       8.00000002e+00
      1.70000000e-01      -8.05673454e+00       8.00000003e+00
      1.80000000e-01      -8.05673314e+00       8.00000003e+00
      1.90000000e-01      -8.05673184e+00       8.00000003e+00
      2.00000000e-01      -8.05673062e+00       8.00000003e+00
      2.10000000e-01      -8.05672950e+00       8.00000004e+00
      2.20000000e-01      -8.05672847e+00       8.00000004e+00
      2.30000000e-01      -8.05672753e+00       8.00000004e+00
      2.40000000e-01      -8.05672668e+00       8.00000005e+00
      2.50000000e-01      -8.05672592e+00       8.00000005e+00
      2.60000000e-01      -8.05672526e+00       8.00000006e+00
      2.70000000e-01      -8.05672469e+00       8.00000006e+00
      2.80000000e-01      -8.05672421e+00       8.00000006e+00
      2.90000000e-01      -8.05672382e+00       8.00000007e+00
      3.00000000e-01      -8.05672352e+00       8.00000007e+00
      3.10000000e-01      -8.05672332e+00       8.00000007e+00
      3.20000000e-01      -8.05672320e+00       8.00000008e+00
      3.30000000e-01      -8.05672317e+00       8.00000008e+00
      3.40000000e-01      -8.05672324e+00       8.00000009e+00
      3.50000000e-01      -8.05672339e+00       8.00000009e+00
      3.60000000e-01      -8.05672364e+00       8.00000009e+00
      3.70000000e-01      -8.05672397e+00       8.00000010e+00
      3.80000000e-01      -8.05672439e+00       8.00000010e+00
      3.90000000e-01      -8.05672490e+00       8.00000010e+00
      4.00000000e-01      -8.05672549e+00       8.00000011e+00
      4.10000000e-01      -8.05672617e+00       8.00000011e+00
      4.20000000e-01      -8.05672694e+00       8.00000012e+00
      4.30000000e-01      -8.05672779e+00       8.00000012e+00
      4.40000000e-01      -8.05672873e+00       8.00000012e+00
      4.50000000e-01      -8.05672975e+00       8.00000013e+00
      4.60000000e-01      -8.05673085e+00       8.00000013e+00
      4.70000000e-01      -8.05673203e+00       8.00000013e+00
      4.80000000e-01      -8.05673330e+00       8.00000013e+00
      4.90000000e-01      -8.05673465e+00       8.00000014e+00
      5.00000000e-01      -8.05673607e+00       8.00000014e+00
      5.10000000e-01      -8.05673758e+00       8.00000014e+00
      5.20000000e-01      -8.05673916e+00       8.00000015e+00
      5.30000000e-01      -8.05674082e+00       8.00000015e+00
      5.40000000e-01      -8.05674255e+00       8.00000015e+00
      5.50000000e-01      -8.05674436e+00       8.00000015e+00
      5.60000000e-01      -8.05674625e+00       8.00000015e+00
      5.70000000e-01      -8.05674820e+00       8.00000016e+00
      5.80000000e-01      -8.05675023e+00       8.00000016e+00
      5.90000000e-01      -8.05675233e+00       8.00000016e+00
      6.00000000e-01      -8.05675449e+00       8.00000016e+00
      6.10000000e-01      -8.05675673e+00       8.00000016e+00
      6.20000000e-01      -8.05675903e+00       8.00000016e+00
      6.30000000e-01      -8.05676140e+00       8.00000016e+00
      6.40000000e-01      -8.05676383e+00       8.00000016e+00
      6.50000000e-01      -8.05676633e+00       8.00000016e+00
      6.60000000e-01      -8.05676889e+00       8.00000016e+00
      6.70000000e-01      -8.05677151e+00       8.00000016e+00
      6.80000000e-01      -8.05677419e+00       8.00000016e+00
      6.90000000e-01      -8.05677693e+00       8.00000016e+00
      7.00000000e-01      -8.05677972e+00       8.00000016e+00
      7.10000000e-01      -8.05678257e+00       8.00000016e+00
      7.20000000e-01      -8.05678548e+00       8.00000016e+00
      7.30000000e-01      -8.05678844e+00       8.00000015e+00
      7.40000000e-01      -8.05679145e+00       8.00000015e+00
      7.50000000e-01      -8.05679451e+00       8.00000015e+00
      7.60000000e-01      -8.05679762e+00       8.00000015e+00
      7.70000000e-01      -8.05680077e+00       8.00000014e+00
      7.80000000e-01      -8.05680398e+00       8.00000014e+00
      7.90000000e-01      -8.05680722e+00       8.00000013e+00
      8.00000000e-01      -8.05681052e+00       8.00000013e+00
      8.10000000e-01      -8.05681385e+00       8.00000013e+00
      8.20000000e-01      -8.05681722e+00       8.00000012e+00
      8.30000000e-01      -8.05682064e+00       8.00000012e+00
      8.40000000e-01      -8.05682409e+00       8.00000011e+00
      8.50000000e-01      -8.05682757e+00       8.00000010e+00
      8.60000000e-01      -8.05683109e+00       8.00000010e+00
      8.70000000e-01      -8.05683464e+00       8.00000009e+00
      8.80000000e-01      -8.05683823e+00       8.00000009e+00
      8.90000000e-01      -8.05684184e+00       8.00000008e+00
      9.00000000e-01      -8.05684548e+00       8.00000007e+00
      9.10000000e-01      -8.05684915e+00       8.00000006e+00
      9.20000000e-01      -8.05685284e+00       8.00000005e+00
      9.30000000e-01      -8.05685656e+00       8.00000005e+00
      9.40000000e-01      -8.05686030e+00       8.00000004e+00
      9.50000000e-01      -8.05686406e+00       8.00000003e+00
      9.60000000e-01      -8.05686784e+00       8.00000002e+00
      9.70000000e-01      -8.05687163e+00       8.00000001e+00
      9.80000000e-01      -8.05687544e+00       8.00000000e+00
      9.90000000e-01      -8.05687926e+00       7.99999999e+00
      1.00000000e+00      -8.05688310e+00       7.99999998e+00
      1.01000000e+00      -8.05688694e+00       7.99999996e+00
      1.02000000e+00      -8.05689080e+00       7.99999995e+00
      1.03000000e+00      -8.05689466e+00       7.99999994e+00
      1.04000000e+00      -8.05689853e+00       7.99999993e+00
      1.05000000e+00      -8.05690240e+00       7.99999991e+00
      1.06000000e+00      -8.05690627e+00       7.99999990e+00
      1.07000000e+00      -8.05691015e+00       7.99999989e+00
      1.08000000e+00      -8.05691402e+00       7.99999987e+00
      1.09000000e+00      -8.05691789e+00       7.99999986e+00
      1.10000000e+00      -8.05692176e+00       7.99999984e+00
      1.11000000e+00      -8.05692562e+00       7.99999983e+00
      1.12000000e+00      -8.05692947e+00       7.99999981e+00
      1.13000000e+00      -8.05693331e+00       7.99999980e+00
      1.14000000e+00      -8.05693715e+00       7.99999978e+00
      1.15000000e+00      -8.05694097e+00       7.99999976e+00
      1.16000000e+00      -8.05694477e+00       7.99999975e+00
      1.17000000e+00      -8.05694856e+00       7.99999973e+00
      1.18000000e+00      -8.05695233e+00       7.99999971e+00
      1.19000000e+00      -8.05695609e+00       7.99999969e+00
      1.20000000e+00      -8.05695982e+00       7.99999968e+00
      1.21000000e+00      -8.05696353e+00       7.99999966e+00
      1.22000000e+00      -8.05696721e+00       7.99999964e+00
      1.23000000e+00      -8.05697087e+00       7.99999962e+00
      1.24000000e+00      -8.05697451e+00       7.99999960e+00
      1.25000000e+00      -8.05697811e+00       7.99999958e+00
      1.26000000e+00      -8.05698169e+00       7.99999956e+00
      1.27000000e+00      -8.05698523e+00       7.99999954e+00
      1.28000000e+00      -8.05698874e+00       7.99999952e+00
      1.29000000e+00      -8.05699221e+00       7.99999950e+00
      1.30000000e+00      -8.05699565e+00       7.99999947e+00
      1.31000000e+00      -8.05699905e+00       7.99999945e+00
      1.32000000e+00      -8.05700241e+00       7.99999943e+00
      1.33000000e+00      -8.05700573e+00       7.99999941e+00
      1.34000000e+00      -8.05700900e+00       7.99999939e+00
      1.35000000e+00      -8.05701224e+00       7.99999936e+00
      1.36000000e+00      -8.05701542e+00       7.99999934e+00
      1.37000000e+00      -8.05701857e+00       7.99999932e+00
      1.38000000e+00      -8.05702166e+00       7.99999929e+00
      1.39000000e+00      -8.05702470e+00       7.99999927e+00
      1.40000000e+00      -8.05702770e+00       7.99999925e+00
      1.41000000e+00      -8.05703064e+00       7.99999922e+00
      1.42000000e+00      -8.05703353e+00       7.99999920e+00
      1.43000000e+00      -8.05703636e+00       7.99999917e+00
      1.44000000e+00      -8.05703914e+00       7.99999915e+00
      1.45000000e+00      -8.05704186e+00       7.99999912e+00
      1.46000000e+00      -8.05704452e+00       7.99999910e+00
      1.47000000e+00      -8.05704712e+00       7.99999907e+00
      1.48000000e+00      -8.05704966e+00       7.99999905e+00
      1.49000000e+00      -8.05705215e+00       7.99999902e+00
      1.50000000e+00      -8.05705456e+00       7.99999899e+00
      1.51000000e+00      -8.05705692e+00       7.99999897e+00
      1.52000000e+00      -8.05705921e+00       7.99999894e+00
      1.53000000e+00      -8.05706143e+00       7.99999892e+00
      1.54000000e+00      -8.05706359e+00       7.99999889e+00
      1.55000000e+00      -8.05706568e+00       7.99999886e+00
      1.56000000e+00      -8.05706770e+00       7.99999884e+00
      1.57000000e+00      -8.05706965e+00       7.99999881e+00
      1.58000000e+00      -8.05707153e+00       7.99999878e+00
      1.59000000e+00      -8.05707334e+00       7.99999876e+00
      1.60000000e+00      -8.05707508e+00       7.99999873e+00
      1.61000000e+00      -8.05707675e+00       7.99999870e+00
      1.62000000e+00      -8.05707834e+00       7.99999867e+00
      1.63000000e+00      -8.05707987e+00       7.99999865e+00
      1.64000000e+00      -8.05708131e+00       7.99999862e+00
      1.65000000e+00      -8.05708268e+00       7.99999859e+00
      1.66000000e+00      -8.05708398e+00       7.99999857e+00
      1.67000000e+00      -8.05708520e+00       7.99999854e+00
      1.68000000e+00      -8.05708634e+00       7.99999851e+00
      1.69000000e+00      -8.05708741e+00       7.99999848e+00
      1.70000000e+00      -8.05708840e+00       7.99999846e+00
      1.71000000e+00      -8.05708931e+00       7.99999843e+00
      1.72000000e+00      -8.05709015e+00       7.99999840e+00
      1.73000000e+00      -8.05709091e+00       7.99999837e+00
      1.74000000e+00      -8.05709159e+00       7.99999835e+00
      1.75000000e+00      -8.05709219e+00       7.99999832e+00
      1.76000000e+00      -8.05709272e+00       7.99999829e+00
      1.77000000e+00      -8.05709316e+00       7.99999827e+00
      1.78000000e+00      -8.05709353e+00       7.99999824e+00
      1.79000000e+00      -8.05709382e+00       7.99999821e+00
      1.80000000e+00      -8.05709403e+00       7.99999819e+00
      1.81000000e+00      -8.05709417e+00       7.99999816e+00
      1.82000000e+00      -8.05709422e+00       7.99999814e+00
      1.83000000e+00      -8.05709420e+00       7.99999811e+00
      1.84000000e+00      -8.05709411e+00       7.99999808e+00
      1.85000000e+00      -8.05709393e+00       7.99999806e+00
      1.86000000e+00      -8.05709368e+00       7.99999803e+00
      1.87000000e+00      -8.05709335e+00       7.99999801e+00
      1.88000000e+00      -8.05709295e+00       7.99999798e+00
      1.89000000e+00      -8.05709247e+00       7.99999796e+00
      1.90000000e+00      -8.05709192e+00       7.99999793e+00
      1.91000000e+00      -8.05709129e+00       7.99999791e+00
      1.92000000e+00      -8.05709059e+00       7.99999788e+00
      1.93000000e+00      -8.05708981e+00       7.99999786e+00
      1.94000000e+00      -8.05708897e+00       7.99999784e+00
      1.95000000e+00      -8.05708805e+00       7.99999781e+00
      1.96000000e+00      -8.05708706e+00       7.99999779e+00
      1.97000000e+00      -8.05708600e+00       7.99999777e+00
      1.98000000e+00      -8.05708488e+00       7.99999775e+00
      1.99000000e+00      -8.05708368e+00       7.99999772e+00
      2.00000000e+00      -8.05708242e+00       7.99999770e+00
