0.00000000e+00 1.00000000e+00	1.00000000e+00
1.00000000e-02 1.00000001e+00	1.00000001e+00
2.00000000e-02 1.00000004e+00	1.00000004e+00
3.00000000e-02 1.00000009e+00	1.00000009e+00
4.00000000e-02 1.00000016e+00	1.00000016e+00
5.00000000e-02 1.00000024e+00	1.00000024e+00
6.00000000e-02 1.00000035e+00	1.00000035e+00
7.00000000e-02 1.00000048e+00	1.00000048e+00
8.00000000e-02 1.00000062e+00	1.00000062e+00
9.00000000e-02 1.00000079e+00	1.00000079e+00
1.00000000e-01 1.00000097e+00	1.00000097e+00
1.10000000e-01 1.00000117e+00	1.00000117e+00
1.20000000e-01 1.00000140e+00	1.00000140e+00
1.30000000e-01 1.00000164e+00	1.00000164e+00
1.40000000e-01 1.00000190e+00	1.00000190e+00
1.50000000e-01 1.00000218e+00	1.00000218e+00
1.60000000e-01 1.00000248e+00	1.00000248e+00
1.70000000e-01 1.00000280e+00	1.00000280e+00
1.80000000e-01 1.00000314e+00	1.00000314e+00
1.90000000e-01 1.00000350e+00	1.00000350e+00
2.00000000e-01 1.00000388e+00	1.00000388e+00
2.10000000e-01 1.00000428e+00	1.00000428e+00
2.20000000e-01 1.00000469e+00	1.00000469e+00
2.30000000e-01 1.00000513e+00	1.00000513e+00
2.40000000e-01 1.00000558e+00	1.00000558e+00
2.50000000e-01 1.00000606e+00	1.00000606e+00
2.60000000e-01 1.00000655e+00	1.00000655e+00
2.70000000e-01 1.00000706e+00	1.00000707e+00
2.80000000e-01 1.00000760e+00	1.00000760e+00
2.90000000e-01 1.00000815e+00	1.00000815e+00
3.00000000e-01 1.00000872e+00	1.00000872e+00
3.10000000e-01 1.00000931e+00	1.00000931e+00
3.20000000e-01 1.00000992e+00	1.00000992e+00
3.30000000e-01 1.00001055e+00	1.00001055e+00
3.40000000e-01 1.00001120e+00	1.00001120e+00
3.50000000e-01 1.00001186e+00	1.00001186e+00
3.60000000e-01 1.00001255e+00	1.00001255e+00
3.70000000e-01 1.00001325e+00	1.00001326e+00
3.80000000e-01 1.00001398e+00	1.00001398e+00
3.90000000e-01 1.00001472e+00	1.00001472e+00
4.00000000e-01 1.00001549e+00	1.00001549e+00
4.10000000e-01 1.00001627e+00	1.00001627e+00
4.20000000e-01 1.00001707e+00	1.00001707e+00
4.30000000e-01 1.00001789e+00	1.00001789e+00
4.40000000e-01 1.00001873e+00	1.00001873e+00
4.50000000e-01 1.00001959e+00	1.00001959e+00
4.60000000e-01 1.00002046e+00	1.00002047e+00
4.70000000e-01 1.00002136e+00	1.00002136e+00
4.80000000e-01 1.00002228e+00	1.00002228e+00
4.90000000e-01 1.00002321e+00	1.00002321e+00
5.00000000e-01 1.00002416e+00	1.00002417e+00
5.10000000e-01 1.00002514e+00	1.00002514e+00
5.20000000e-01 1.00002613e+00	1.00002613e+00
5.30000000e-01 1.00002714e+00	1.00002714e+00
5.40000000e-01 1.00002817e+00	1.00002817e+00
5.50000000e-01 1.00002922e+00	1.00002922e+00
5.60000000e-01 1.00003029e+00	1.00003029e+00
5.70000000e-01 1.00003137e+00	1.00003138e+00
5.80000000e-01 1.00003248e+00	1.00003248e+00
5.90000000e-01 1.00003360e+00	1.00003360e+00
6.00000000e-01 1.00003474e+00	1.00003475e+00
6.10000000e-01 1.00003591e+00	1.00003591e+00
6.20000000e-01 1.00003709e+00	1.00003709e+00
6.30000000e-01 1.00003829e+00	1.00003829e+00
6.40000000e-01 1.00003950e+00	1.00003951e+00
6.50000000e-01 1.00004074e+00	1.00004074e+00
6.60000000e-01 1.00004200e+00	1.00004200e+00
6.70000000e-01 1.00004327e+00	1.00004327e+00
6.80000000e-01 1.00004456e+00	1.00004457e+00
6.90000000e-01 1.00004588e+00	1.00004588e+00
7.00000000e-01 1.00004721e+00	1.00004721e+00
7.10000000e-01 1.00004855e+00	1.00004856e+00
7.20000000e-01 1.00004992e+00	1.00004993e+00
7.30000000e-01 1.00005131e+00	1.00005131e+00
7.40000000e-01 1.00005271e+00	1.00005272e+00
7.50000000e-01 1.00005414e+00	1.00005414e+00
7.60000000e-01 1.00005558e+00	1.00005558e+00
7.70000000e-01 1.00005704e+00	1.00005704e+00
7.80000000e-01 1.00005852e+00	1.00005852e+00
7.90000000e-01 1.00006002e+00	1.00006002e+00
8.00000000e-01 1.00006153e+00	1.00006154e+00
8.10000000e-01 1.00006307e+00	1.00006307e+00
8.20000000e-01 1.00006462e+00	1.00006462e+00
8.30000000e-01 1.00006619e+00	1.00006619e+00
8.40000000e-01 1.00006778e+00	1.00006778e+00
8.50000000e-01 1.00006939e+00	1.00006939e+00
8.60000000e-01 1.00007101e+00	1.00007102e+00
8.70000000e-01 1.00007266e+00	1.00007266e+00
8.80000000e-01 1.00007432e+00	1.00007433e+00
8.90000000e-01 1.00007600e+00	1.00007601e+00
9.00000000e-01 1.00007770e+00	1.00007771e+00
9.10000000e-01 1.00007942e+00	1.00007942e+00
9.20000000e-01 1.00008115e+00	1.00008116e+00
9.30000000e-01 1.00008291e+00	1.00008291e+00
9.40000000e-01 1.00008468e+00	1.00008468e+00
9.50000000e-01 1.00008647e+00	1.00008647e+00
9.60000000e-01 1.00008828e+00	1.00008828e+00
9.70000000e-01 1.00009010e+00	1.00009011e+00
9.80000000e-01 1.00009195e+00	1.00009195e+00
9.90000000e-01 1.00009381e+00	1.00009381e+00
1.00000000e+00 1.00009569e+00	1.00009569e+00
1.01000000e+00 1.00009759e+00	1.00009759e+00
1.02000000e+00 1.00009950e+00	1.00009951e+00
1.03000000e+00 1.00010144e+00	1.00010144e+00
1.04000000e+00 1.00010339e+00	1.00010339e+00
1.05000000e+00 1.00010536e+00	1.00010536e+00
1.06000000e+00 1.00010734e+00	1.00010735e+00
1.07000000e+00 1.00010935e+00	1.00010936e+00
1.08000000e+00 1.00011137e+00	1.00011138e+00
1.09000000e+00 1.00011341e+00	1.00011342e+00
1.10000000e+00 1.00011547e+00	1.00011548e+00
1.11000000e+00 1.00011755e+00	1.00011755e+00
1.12000000e+00 1.00011964e+00	1.00011965e+00
1.13000000e+00 1.00012175e+00	1.00012176e+00
1.14000000e+00 1.00012388e+00	1.00012389e+00
1.15000000e+00 1.00012603e+00	1.00012604e+00
1.16000000e+00 1.00012819e+00	1.00012820e+00
1.17000000e+00 1.00013037e+00	1.00013038e+00
1.18000000e+00 1.00013257e+00	1.00013258e+00
1.19000000e+00 1.00013479e+00	1.00013480e+00
1.20000000e+00 1.00013702e+00	1.00013703e+00
1.21000000e+00 1.00013927e+00	1.00013928e+00
1.22000000e+00 1.00014154e+00	1.00014155e+00
1.23000000e+00 1.00014383e+00	1.00014384e+00
1.24000000e+00 1.00014613e+00	1.00014614e+00
1.25000000e+00 1.00014845e+00	1.00014846e+00
1.26000000e+00 1.00015079e+00	1.00015080e+00
1.27000000e+00 1.00015315e+00	1.00015316e+00
1.28000000e+00 1.00015552e+00	1.00015553e+00
1.29000000e+00 1.00015791e+00	1.00015792e+00
1.30000000e+00 1.00016032e+00	1.00016033e+00
1.31000000e+00 1.00016274e+00	1.00016275e+00
1.32000000e+00 1.00016518e+00	1.00016519e+00
1.33000000e+00 1.00016764e+00	1.00016765e+00
1.34000000e+00 1.00017011e+00	1.00017012e+00
1.35000000e+00 1.00017261e+00	1.00017261e+00
1.36000000e+00 1.00017511e+00	1.00017512e+00
1.37000000e+00 1.00017764e+00	1.00017765e+00
1.38000000e+00 1.00018018e+00	1.00018019e+00
1.39000000e+00 1.00018274e+00	1.00018275e+00
1.40000000e+00 1.00018532e+00	1.00018533e+00
1.41000000e+00 1.00018791e+00	1.00018792e+00
1.42000000e+00 1.00019052e+00	1.00019053e+00
1.43000000e+00 1.00019315e+00	1.00019316e+00
1.44000000e+00 1.00019579e+00	1.00019580e+00
1.45000000e+00 1.00019845e+00	1.00019846e+00
1.46000000e+00 1.00020113e+00	1.00020114e+00
1.47000000e+00 1.00020382e+00	1.00020383e+00
1.48000000e+00 1.00020653e+00	1.00020654e+00
1.49000000e+00 1.00020925e+00	1.00020926e+00
1.50000000e+00 1.00021200e+00	1.00021201e+00
1.51000000e+00 1.00021476e+00	1.00021477e+00
1.52000000e+00 1.00021753e+00	1.00021754e+00
1.53000000e+00 1.00022032e+00	1.00022033e+00
1.54000000e+00 1.00022313e+00	1.00022314e+00
1.55000000e+00 1.00022595e+00	1.00022596e+00
1.56000000e+00 1.00022879e+00	1.00022880e+00
1.57000000e+00 1.00023165e+00	1.00023166e+00
1.58000000e+00 1.00023452e+00	1.00023453e+00
1.59000000e+00 1.00023741e+00	1.00023742e+00
1.60000000e+00 1.00024032e+00	1.00024033e+00
1.61000000e+00 1.00024324e+00	1.00024325e+00
1.62000000e+00 1.00024617e+00	1.00024618e+00
1.63000000e+00 1.00024913e+00	1.00024914e+00
1.64000000e+00 1.00025209e+00	1.00025211e+00
1.65000000e+00 1.00025508e+00	1.00025509e+00
1.66000000e+00 1.00025808e+00	1.00025809e+00
1.67000000e+00 1.00026109e+00	1.00026111e+00
1.68000000e+00 1.00026413e+00	1.00026414e+00
1.69000000e+00 1.00026717e+00	1.00026719e+00
1.70000000e+00 1.00027024e+00	1.00027025e+00
1.71000000e+00 1.00027332e+00	1.00027333e+00
1.72000000e+00 1.00027641e+00	1.00027642e+00
1.73000000e+00 1.00027952e+00	1.00027953e+00
1.74000000e+00 1.00028264e+00	1.00028266e+00
1.75000000e+00 1.00028578e+00	1.00028580e+00
1.76000000e+00 1.00028894e+00	1.00028895e+00
1.77000000e+00 1.00029211e+00	1.00029212e+00
1.78000000e+00 1.00029530e+00	1.00029531e+00
1.79000000e+00 1.00029850e+00	1.00029851e+00
1.80000000e+00 1.00030172e+00	1.00030173e+00
1.81000000e+00 1.00030495e+00	1.00030496e+00
1.82000000e+00 1.00030820e+00	1.00030821e+00
1.83000000e+00 1.00031146e+00	1.00031147e+00
1.84000000e+00 1.00031474e+00	1.00031475e+00
1.85000000e+00 1.00031803e+00	1.00031804e+00
1.86000000e+00 1.00032133e+00	1.00032135e+00
1.87000000e+00 1.00032466e+00	1.00032467e+00
1.88000000e+00 1.00032799e+00	1.00032801e+00
1.89000000e+00 1.00033134e+00	1.00033136e+00
1.90000000e+00 1.00033471e+00	1.00033472e+00
1.91000000e+00 1.00033809e+00	1.00033811e+00
1.92000000e+00 1.00034149e+00	1.00034150e+00
1.93000000e+00 1.00034490e+00	1.00034491e+00
1.94000000e+00 1.00034832e+00	1.00034834e+00
1.95000000e+00 1.00035176e+00	1.00035177e+00
1.96000000e+00 1.00035521e+00	1.00035523e+00
1.97000000e+00 1.00035868e+00	1.00035869e+00
1.98000000e+00 1.00036216e+00	1.00036218e+00
1.99000000e+00 1.00036566e+00	1.00036567e+00
2.00000000e+00 1.00036917e+00	1.00036918e+00
2.01000000e+00 1.00037269e+00	1.00037271e+00
2.02000000e+00 1.00037623e+00	1.00037625e+00
2.03000000e+00 1.00037978e+00	1.00037980e+00
2.04000000e+00 1.00038335e+00	1.00038336e+00
2.05000000e+00 1.00038693e+00	1.00038694e+00
2.06000000e+00 1.00039052e+00	1.00039054e+00
2.07000000e+00 1.00039413e+00	1.00039415e+00
2.08000000e+00 1.00039775e+00	1.00039777e+00
2.09000000e+00 1.00040139e+00	1.00040140e+00
2.10000000e+00 1.00040503e+00	1.00040505e+00
2.11000000e+00 1.00040870e+00	1.00040871e+00
2.12000000e+00 1.00041237e+00	1.00041239e+00
2.13000000e+00 1.00041606e+00	1.00041608e+00
2.14000000e+00 1.00041976e+00	1.00041978e+00
2.15000000e+00 1.00042348e+00	1.00042349e+00
2.16000000e+00 1.00042721e+00	1.00042722e+00
2.17000000e+00 1.00043095e+00	1.00043096e+00
2.18000000e+00 1.00043470e+00	1.00043472e+00
2.19000000e+00 1.00043847e+00	1.00043849e+00
2.20000000e+00 1.00044225e+00	1.00044227e+00
2.21000000e+00 1.00044605e+00	1.00044606e+00
2.22000000e+00 1.00044985e+00	1.00044987e+00
2.23000000e+00 1.00045367e+00	1.00045369e+00
2.24000000e+00 1.00045750e+00	1.00045752e+00
2.25000000e+00 1.00046135e+00	1.00046137e+00
2.26000000e+00 1.00046521e+00	1.00046522e+00
2.27000000e+00 1.00046907e+00	1.00046909e+00
2.28000000e+00 1.00047296e+00	1.00047297e+00
2.29000000e+00 1.00047685e+00	1.00047687e+00
2.30000000e+00 1.00048076e+00	1.00048078e+00
2.31000000e+00 1.00048468e+00	1.00048470e+00
2.32000000e+00 1.00048861e+00	1.00048863e+00
2.33000000e+00 1.00049255e+00	1.00049257e+00
2.34000000e+00 1.00049651e+00	1.00049653e+00
2.35000000e+00 1.00050047e+00	1.00050049e+00
2.36000000e+00 1.00050445e+00	1.00050447e+00
2.37000000e+00 1.00050844e+00	1.00050846e+00
2.38000000e+00 1.00051245e+00	1.00051247e+00
2.39000000e+00 1.00051646e+00	1.00051648e+00
2.40000000e+00 1.00052049e+00	1.00052051e+00
2.41000000e+00 1.00052453e+00	1.00052454e+00
2.42000000e+00 1.00052857e+00	1.00052859e+00
2.43000000e+00 1.00053263e+00	1.00053265e+00
2.44000000e+00 1.00053671e+00	1.00053672e+00
2.45000000e+00 1.00054079e+00	1.00054081e+00
2.46000000e+00 1.00054488e+00	1.00054490e+00
2.47000000e+00 1.00054899e+00	1.00054901e+00
2.48000000e+00 1.00055310e+00	1.00055312e+00
2.49000000e+00 1.00055723e+00	1.00055725e+00
2.50000000e+00 1.00056137e+00	1.00056139e+00
2.51000000e+00 1.00056552e+00	1.00056554e+00
2.52000000e+00 1.00056968e+00	1.00056970e+00
2.53000000e+00 1.00057385e+00	1.00057387e+00
2.54000000e+00 1.00057803e+00	1.00057805e+00
2.55000000e+00 1.00058222e+00	1.00058224e+00
2.56000000e+00 1.00058642e+00	1.00058644e+00
2.57000000e+00 1.00059063e+00	1.00059065e+00
2.58000000e+00 1.00059486e+00	1.00059488e+00
2.59000000e+00 1.00059909e+00	1.00059911e+00
2.60000000e+00 1.00060333e+00	1.00060335e+00
2.61000000e+00 1.00060758e+00	1.00060760e+00
2.62000000e+00 1.00061185e+00	1.00061186e+00
2.63000000e+00 1.00061612e+00	1.00061614e+00
2.64000000e+00 1.00062040e+00	1.00062042e+00
2.65000000e+00 1.00062469e+00	1.00062471e+00
2.66000000e+00 1.00062899e+00	1.00062901e+00
2.67000000e+00 1.00063330e+00	1.00063332e+00
2.68000000e+00 1.00063762e+00	1.00063764e+00
2.69000000e+00 1.00064195e+00	1.00064197e+00
2.70000000e+00 1.00064629e+00	1.00064631e+00
2.71000000e+00 1.00065064e+00	1.00065066e+00
2.72000000e+00 1.00065500e+00	1.00065502e+00
2.73000000e+00 1.00065936e+00	1.00065938e+00
2.74000000e+00 1.00066374e+00	1.00066376e+00
2.75000000e+00 1.00066812e+00	1.00066814e+00
2.76000000e+00 1.00067251e+00	1.00067253e+00
2.77000000e+00 1.00067692e+00	1.00067694e+00
2.78000000e+00 1.00068133e+00	1.00068135e+00
2.79000000e+00 1.00068574e+00	1.00068576e+00
2.80000000e+00 1.00069017e+00	1.00069019e+00
2.81000000e+00 1.00069461e+00	1.00069463e+00
2.82000000e+00 1.00069905e+00	1.00069907e+00
2.83000000e+00 1.00070350e+00	1.00070352e+00
2.84000000e+00 1.00070796e+00	1.00070798e+00
2.85000000e+00 1.00071243e+00	1.00071245e+00
2.86000000e+00 1.00071690e+00	1.00071692e+00
2.87000000e+00 1.00072139e+00	1.00072141e+00
2.88000000e+00 1.00072588e+00	1.00072590e+00
2.89000000e+00 1.00073038e+00	1.00073040e+00
2.90000000e+00 1.00073488e+00	1.00073490e+00
2.91000000e+00 1.00073940e+00	1.00073942e+00
2.92000000e+00 1.00074392e+00	1.00074394e+00
2.93000000e+00 1.00074844e+00	1.00074846e+00
2.94000000e+00 1.00075298e+00	1.00075300e+00
2.95000000e+00 1.00075752e+00	1.00075754e+00
2.96000000e+00 1.00076207e+00	1.00076209e+00
2.97000000e+00 1.00076663e+00	1.00076665e+00
2.98000000e+00 1.00077119e+00	1.00077121e+00
2.99000000e+00 1.00077576e+00	1.00077578e+00
3.00000000e+00 1.00078033e+00	1.00078035e+00
3.01000000e+00 1.00078492e+00	1.00078494e+00
3.02000000e+00 1.00078950e+00	1.00078953e+00
3.03000000e+00 1.00079410e+00	1.00079412e+00
3.04000000e+00 1.00079870e+00	1.00079872e+00
3.05000000e+00 1.00080331e+00	1.00080333e+00
3.06000000e+00 1.00080792e+00	1.00080794e+00
3.07000000e+00 1.00081254e+00	1.00081256e+00
3.08000000e+00 1.00081716e+00	1.00081719e+00
3.09000000e+00 1.00082179e+00	1.00082182e+00
3.10000000e+00 1.00082643e+00	1.00082645e+00
3.11000000e+00 1.00083107e+00	1.00083109e+00
3.12000000e+00 1.00083572e+00	1.00083574e+00
3.13000000e+00 1.00084037e+00	1.00084039e+00
3.14000000e+00 1.00084503e+00	1.00084505e+00
3.15000000e+00 1.00084969e+00	1.00084971e+00
3.16000000e+00 1.00085435e+00	1.00085438e+00
3.17000000e+00 1.00085903e+00	1.00085905e+00
3.18000000e+00 1.00086370e+00	1.00086372e+00
3.19000000e+00 1.00086838e+00	1.00086840e+00
3.20000000e+00 1.00087307e+00	1.00087309e+00
3.21000000e+00 1.00087776e+00	1.00087778e+00
3.22000000e+00 1.00088245e+00	1.00088247e+00
3.23000000e+00 1.00088715e+00	1.00088717e+00
3.24000000e+00 1.00089185e+00	1.00089187e+00
3.25000000e+00 1.00089656e+00	1.00089658e+00
3.26000000e+00 1.00090127e+00	1.00090129e+00
3.27000000e+00 1.00090598e+00	1.00090600e+00
3.28000000e+00 1.00091069e+00	1.00091072e+00
3.29000000e+00 1.00091541e+00	1.00091544e+00
3.30000000e+00 1.00092014e+00	1.00092016e+00
3.31000000e+00 1.00092486e+00	1.00092488e+00
3.32000000e+00 1.00092959e+00	1.00092961e+00
3.33000000e+00 1.00093432e+00	1.00093435e+00
3.34000000e+00 1.00093906e+00	1.00093908e+00
3.35000000e+00 1.00094380e+00	1.00094382e+00
3.36000000e+00 1.00094854e+00	1.00094856e+00
3.37000000e+00 1.00095328e+00	1.00095330e+00
3.38000000e+00 1.00095802e+00	1.00095804e+00
3.39000000e+00 1.00096277e+00	1.00096279e+00
3.40000000e+00 1.00096752e+00	1.00096754e+00
3.41000000e+00 1.00097227e+00	1.00097229e+00
3.42000000e+00 1.00097702e+00	1.00097704e+00
3.43000000e+00 1.00098177e+00	1.00098180e+00
3.44000000e+00 1.00098653e+00	1.00098655e+00
3.45000000e+00 1.00099129e+00	1.00099131e+00
3.46000000e+00 1.00099604e+00	1.00099607e+00
3.47000000e+00 1.00100080e+00	1.00100082e+00
3.48000000e+00 1.00100556e+00	1.00100558e+00
3.49000000e+00 1.00101032e+00	1.00101034e+00
3.50000000e+00 1.00101508e+00	1.00101510e+00
3.51000000e+00 1.00101984e+00	1.00101987e+00
3.52000000e+00 1.00102461e+00	1.00102463e+00
3.53000000e+00 1.00102937e+00	1.00102939e+00
3.54000000e+00 1.00103413e+00	1.00103415e+00
3.55000000e+00 1.00103889e+00	1.00103891e+00
3.56000000e+00 1.00104365e+00	1.00104367e+00
3.57000000e+00 1.00104841e+00	1.00104843e+00
3.58000000e+00 1.00105317e+00	1.00105319e+00
3.59000000e+00 1.00105793e+00	1.00105795e+00
3.60000000e+00 1.00106269e+00	1.00106271e+00
3.61000000e+00 1.00106745e+00	1.00106747e+00
3.62000000e+00 1.00107221e+00	1.00107223e+00
3.63000000e+00 1.00107696e+00	1.00107698e+00
3.64000000e+00 1.00108171e+00	1.00108173e+00
3.65000000e+00 1.00108647e+00	1.00108649e+00
3.66000000e+00 1.00109122e+00	1.00109124e+00
3.67000000e+00 1.00109596e+00	1.00109598e+00
3.68000000e+00 1.00110071e+00	1.00110073e+00
3.69000000e+00 1.00110545e+00	1.00110547e+00
3.70000000e+00 1.00111019e+00	1.00111021e+00
3.71000000e+00 1.00111493e+00	1.00111495e+00
3.72000000e+00 1.00111966e+00	1.00111968e+00
3.73000000e+00 1.00112440e+00	1.00112442e+00
3.74000000e+00 1.00112912e+00	1.00112914e+00
3.75000000e+00 1.00113385e+00	1.00113387e+00
3.76000000e+00 1.00113857e+00	1.00113859e+00
3.77000000e+00 1.00114329e+00	1.00114331e+00
3.78000000e+00 1.00114800e+00	1.00114802e+00
3.79000000e+00 1.00115271e+00	1.00115273e+00
3.80000000e+00 1.00115742e+00	1.00115744e+00
3.81000000e+00 1.00116212e+00	1.00116214e+00
3.82000000e+00 1.00116681e+00	1.00116683e+00
3.83000000e+00 1.00117151e+00	1.00117152e+00
3.84000000e+00 1.00117619e+00	1.00117621e+00
3.85000000e+00 1.00118087e+00	1.00118089e+00
3.86000000e+00 1.00118555e+00	1.00118557e+00
3.87000000e+00 1.00119022e+00	1.00119024e+00
3.88000000e+00 1.00119488e+00	1.00119490e+00
3.89000000e+00 1.00119954e+00	1.00119956e+00
3.90000000e+00 1.00120419e+00	1.00120421e+00
3.91000000e+00 1.00120883e+00	1.00120885e+00
3.92000000e+00 1.00121347e+00	1.00121349e+00
3.93000000e+00 1.00121810e+00	1.00121812e+00
3.94000000e+00 1.00122273e+00	1.00122275e+00
3.95000000e+00 1.00122735e+00	1.00122737e+00
3.96000000e+00 1.00123196e+00	1.00123198e+00
3.97000000e+00 1.00123656e+00	1.00123658e+00
3.98000000e+00 1.00124115e+00	1.00124117e+00
3.99000000e+00 1.00124574e+00	1.00124576e+00
4.00000000e+00 1.00125032e+00	1.00125033e+00
4.01000000e+00 1.00125489e+00	1.00125490e+00
4.02000000e+00 1.00125945e+00	1.00125946e+00
4.03000000e+00 1.00126400e+00	1.00126402e+00
4.04000000e+00 1.00126854e+00	1.00126856e+00
4.05000000e+00 1.00127307e+00	1.00127309e+00
4.06000000e+00 1.00127760e+00	1.00127761e+00
4.07000000e+00 1.00128211e+00	1.00128213e+00
4.08000000e+00 1.00128661e+00	1.00128663e+00
4.09000000e+00 1.00129111e+00	1.00129113e+00
4.10000000e+00 1.00129559e+00	1.00129561e+00
4.11000000e+00 1.00130006e+00	1.00130008e+00
4.12000000e+00 1.00130452e+00	1.00130454e+00
4.13000000e+00 1.00130897e+00	1.00130899e+00
4.14000000e+00 1.00131341e+00	1.00131343e+00
4.15000000e+00 1.00131784e+00	1.00131786e+00
4.16000000e+00 1.00132225e+00	1.00132227e+00
4.17000000e+00 1.00132666e+00	1.00132668e+00
4.18000000e+00 1.00133105e+00	1.00133107e+00
4.19000000e+00 1.00133543e+00	1.00133545e+00
4.20000000e+00 1.00133979e+00	1.00133981e+00
4.21000000e+00 1.00134415e+00	1.00134416e+00
4.22000000e+00 1.00134849e+00	1.00134850e+00
4.23000000e+00 1.00135281e+00	1.00135283e+00
4.24000000e+00 1.00135712e+00	1.00135714e+00
4.25000000e+00 1.00136142e+00	1.00136144e+00
4.26000000e+00 1.00136571e+00	1.00136572e+00
4.27000000e+00 1.00136998e+00	1.00136999e+00
4.28000000e+00 1.00137423e+00	1.00137425e+00
4.29000000e+00 1.00137847e+00	1.00137849e+00
4.30000000e+00 1.00138270e+00	1.00138271e+00
4.31000000e+00 1.00138691e+00	1.00138692e+00
4.32000000e+00 1.00139110e+00	1.00139112e+00
4.33000000e+00 1.00139528e+00	1.00139530e+00
4.34000000e+00 1.00139944e+00	1.00139946e+00
4.35000000e+00 1.00140359e+00	1.00140361e+00
4.36000000e+00 1.00140772e+00	1.00140773e+00
4.37000000e+00 1.00141183e+00	1.00141185e+00
4.38000000e+00 1.00141593e+00	1.00141594e+00
4.39000000e+00 1.00142001e+00	1.00142002e+00
4.40000000e+00 1.00142407e+00	1.00142408e+00
4.41000000e+00 1.00142811e+00	1.00142813e+00
4.42000000e+00 1.00143214e+00	1.00143215e+00
4.43000000e+00 1.00143614e+00	1.00143616e+00
4.44000000e+00 1.00144013e+00	1.00144015e+00
4.45000000e+00 1.00144410e+00	1.00144412e+00
4.46000000e+00 1.00144805e+00	1.00144807e+00
4.47000000e+00 1.00145198e+00	1.00145200e+00
4.48000000e+00 1.00145590e+00	1.00145591e+00
4.49000000e+00 1.00145979e+00	1.00145980e+00
4.50000000e+00 1.00146366e+00	1.00146368e+00
4.51000000e+00 1.00146751e+00	1.00146753e+00
4.52000000e+00 1.00147135e+00	1.00147136e+00
4.53000000e+00 1.00147516e+00	1.00147517e+00
4.54000000e+00 1.00147895e+00	1.00147896e+00
4.55000000e+00 1.00148272e+00	1.00148273e+00
4.56000000e+00 1.00148647e+00	1.00148648e+00
4.57000000e+00 1.00149019e+00	1.00149021e+00
4.58000000e+00 1.00149390e+00	1.00149391e+00
4.59000000e+00 1.00149758e+00	1.00149759e+00
4.60000000e+00 1.00150124e+00	1.00150125e+00
4.61000000e+00 1.00150488e+00	1.00150489e+00
4.62000000e+00 1.00150849e+00	1.00150851e+00
4.63000000e+00 1.00151208e+00	1.00151210e+00
4.64000000e+00 1.00151565e+00	1.00151567e+00
4.65000000e+00 1.00151920e+00	1.00151921e+00
4.66000000e+00 1.00152272e+00	1.00152273e+00
4.67000000e+00 1.00152622e+00	1.00152623e+00
4.68000000e+00 1.00152969e+00	1.00152970e+00
4.69000000e+00 1.00153314e+00	1.00153315e+00
4.70000000e+00 1.00153657e+00	1.00153658e+00
4.71000000e+00 1.00153997e+00	1.00153998e+00
4.72000000e+00 1.00154334e+00	1.00154335e+00
4.73000000e+00 1.00154669e+00	1.00154670e+00
4.74000000e+00 1.00155001e+00	1.00155003e+00
4.75000000e+00 1.00155331e+00	1.00155333e+00
4.76000000e+00 1.00155659e+00	1.00155660e+00
4.77000000e+00 1.00155983e+00	1.00155984e+00
4.78000000e+00 1.00156305e+00	1.00156306e+00
4.79000000e+00 1.00156625e+00	1.00156626e+00
4.80000000e+00 1.00156941e+00	1.00156942e+00
4.81000000e+00 1.00157255e+00	1.00157256e+00
4.82000000e+00 1.00157567e+00	1.00157568e+00
4.83000000e+00 1.00157875e+00	1.00157876e+00
4.84000000e+00 1.00158181e+00	1.00158182e+00
4.85000000e+00 1.00158484e+00	1.00158485e+00
4.86000000e+00 1.00158784e+00	1.00158785e+00
4.87000000e+00 1.00159082e+00	1.00159083e+00
4.88000000e+00 1.00159376e+00	1.00159377e+00
4.89000000e+00 1.00159668e+00	1.00159669e+00
4.90000000e+00 1.00159957e+00	1.00159958e+00
4.91000000e+00 1.00160243e+00	1.00160244e+00
4.92000000e+00 1.00160526e+00	1.00160527e+00
4.93000000e+00 1.00160806e+00	1.00160807e+00
4.94000000e+00 1.00161083e+00	1.00161084e+00
4.95000000e+00 1.00161358e+00	1.00161359e+00
4.96000000e+00 1.00161629e+00	1.00161630e+00
4.97000000e+00 1.00161897e+00	1.00161898e+00
4.98000000e+00 1.00162162e+00	1.00162163e+00
4.99000000e+00 1.00162425e+00	1.00162426e+00
5.00000000e+00 1.00162684e+00	1.00162685e+00
