      0.00000000e+00       1.00000000e+00       1.00000000e+00       1.00000000e+00       1.00000000e+00       1.00000000e+00       1.00000000e+00
      1.00000000e-02       1.00000001e+00       9.99999984e-01       1.00000001e+00       1.00000000e+00       1.00000000e+00       1.00000000e+00
      2.00000000e-02       1.00000004e+00       9.99999938e-01       1.00000002e+00       1.00000000e+00       1.00000000e+00       1.00000000e+00
      3.00000000e-02       1.00000009e+00       9.99999860e-01       1.00000005e+00       1.00000000e+00       1.00000000e+00       1.00000000e+00
      4.00000000e-02       1.00000016e+00       9.99999751e-01       1.00000009e+00       1.00000000e+00       1.00000000e+00       1.00000000e+00
      5.00000000e-02       1.00000024e+00       9.99999611e-01       1.00000015e+00       1.00000000e+00       1.00000000e+00       1.00000000e+00
      6.00000000e-02       1.00000035e+00       9.99999440e-01       1.00000021e+00       1.00000000e+00       1.00000000e+00       1.00000000e+00
      7.00000000e-02       1.00000048e+00       9.99999238e-01       1.00000029e+00       1.00000000e+00       1.00000000e+00       1.00000000e+00
      8.00000000e-02       1.00000062e+00       9.99999005e-01       1.00000037e+00       1.00000000e+00       1.00000000e+00       1.00000000e+00
      9.00000000e-02       1.00000079e+00       9.99998741e-01       1.00000047e+00       9.99999999e-01       1.00000000e+00       9.99999999e-01
      1.00000000e-01       1.00000097e+00       9.99998446e-01       1.00000058e+00       9.99999999e-01       1.00000000e+00       9.99999999e-01
      1.10000000e-01       1.00000117e+00       9.99998120e-01       1.00000071e+00       9.99999998e-01       1.00000000e+00       9.99999999e-01
      1.20000000e-01       1.00000140e+00       9.99997764e-01       1.00000084e+00       9.99999998e-01       1.00000000e+00       9.99999998e-01
      1.30000000e-01       1.00000164e+00       9.99997377e-01       1.00000098e+00       9.99999997e-01       1.00000001e+00       9.99999997e-01
      1.40000000e-01       1.00000190e+00       9.99996960e-01       1.00000114e+00       9.99999996e-01       1.00000001e+00       9.99999996e-01
      1.50000000e-01       1.00000218e+00       9.99996512e-01       1.00000131e+00       9.99999994e-01       1.00000001e+00       9.99999995e-01
      1.60000000e-01       1.00000248e+00       9.99996034e-01       1.00000149e+00       9.99999993e-01       1.00000001e+00       9.99999994e-01
      1.70000000e-01       1.00000280e+00       9.99995526e-01       1.00000167e+00       9.99999990e-01       1.00000001e+00       9.99999992e-01
      1.80000000e-01       1.00000314e+00       9.99994987e-01       1.00000187e+00       9.99999988e-01       1.00000002e+00       9.99999990e-01
      1.90000000e-01       1.00000350e+00       9.99994419e-01       1.00000209e+00       9.99999985e-01       1.00000002e+00       9.99999988e-01
      2.00000000e-01       1.00000388e+00       9.99993820e-01       1.00000231e+00       9.99999982e-01       1.00000003e+00       9.99999985e-01
      2.10000000e-01       1.00000428e+00       9.99993192e-01       1.00000254e+00       9.99999978e-01       1.00000003e+00       9.99999982e-01
      2.20000000e-01       1.00000469e+00       9.99992535e-01       1.00000278e+00       9.99999973e-01       1.00000004e+00       9.99999978e-01
      2.30000000e-01       1.00000513e+00       9.99991848e-01       1.00000303e+00       9.99999968e-01       1.00000005e+00       9.99999974e-01
      2.40000000e-01       1.00000558e+00       9.99991131e-01       1.00000330e+00       9.99999963e-01       1.00000006e+00       9.99999969e-01
      2.50000000e-01       1.00000606e+00       9.99990386e-01       1.00000357e+00       9.99999956e-01       1.00000007e+00       9.99999964e-01
      2.60000000e-01       1.00000655e+00       9.99989612e-01       1.00000385e+00       9.99999949e-01       1.00000008e+00       9.99999958e-01
      2.70000000e-01       1.00000706e+00       9.99988809e-01       1.00000414e+00       9.99999940e-01       1.00000009e+00       9.99999951e-01
      2.80000000e-01       1.00000760e+00       9.99987977e-01       1.00000445e+00       9.99999931e-01       1.00000011e+00       9.99999943e-01
      2.90000000e-01       1.00000815e+00       9.99987117e-01       1.00000476e+00       9.99999921e-01       1.00000012e+00       9.99999934e-01
      3.00000000e-01       1.00000872e+00       9.99986229e-01       1.00000508e+00       9.99999910e-01       1.00000014e+00       9.99999925e-01
      3.10000000e-01       1.00000931e+00       9.99985313e-01       1.00000541e+00       9.99999897e-01       1.00000016e+00       9.99999914e-01
      3.20000000e-01       1.00000992e+00       9.99984370e-01       1.00000574e+00       9.99999884e-01       1.00000018e+00       9.99999902e-01
      3.30000000e-01       1.00001055e+00       9.99983398e-01       1.00000609e+00       9.99999869e-01       1.00000020e+00       9.99999890e-01
      3.40000000e-01       1.00001120e+00       9.99982399e-01       1.00000645e+00       9.99999853e-01       1.00000023e+00       9.99999875e-01
      3.50000000e-01       1.00001186e+00       9.99981374e-01       1.00000681e+00       9.99999835e-01       1.00000026e+00       9.99999860e-01
      3.60000000e-01       1.00001255e+00       9.99980321e-01       1.00000718e+00       9.99999816e-01       1.00000029e+00       9.99999843e-01
      3.70000000e-01       1.00001325e+00       9.99979241e-01       1.00000756e+00       9.99999795e-01       1.00000032e+00       9.99999825e-01
      3.80000000e-01       1.00001398e+00       9.99978136e-01       1.00000795e+00       9.99999773e-01       1.00000036e+00       9.99999805e-01
      3.90000000e-01       1.00001472e+00       9.99977004e-01       1.00000835e+00       9.99999748e-01       1.00000040e+00       9.99999784e-01
      4.00000000e-01       1.00001549e+00       9.99975846e-01       1.00000875e+00       9.99999722e-01       1.00000044e+00       9.99999761e-01
      4.10000000e-01       1.00001627e+00       9.99974662e-01       1.00000916e+00       9.99999695e-01       1.00000048e+00       9.99999736e-01
      4.20000000e-01       1.00001707e+00       9.99973453e-01       1.00000957e+00       9.99999665e-01       1.00000053e+00       9.99999709e-01
      4.30000000e-01       1.00001789e+00       9.99972219e-01       1.00001000e+00       9.99999633e-01       1.00000058e+00       9.99999680e-01
      4.40000000e-01       1.00001873e+00       9.99970960e-01       1.00001043e+00       9.99999599e-01       1.00000064e+00       9.99999649e-01
      4.50000000e-01       1.00001959e+00       9.99969676e-01       1.00001086e+00       9.99999563e-01       1.00000070e+00       9.99999616e-01
      4.60000000e-01       1.00002046e+00       9.99968368e-01       1.00001130e+00       9.99999525e-01       1.00000076e+00       9.99999580e-01
      4.70000000e-01       1.00002136e+00       9.99967037e-01       1.00001175e+00       9.99999484e-01       1.00000083e+00       9.99999542e-01
      4.80000000e-01       1.00002228e+00       9.99965681e-01       1.00001220e+00       9.99999441e-01       1.00000090e+00       9.99999502e-01
      4.90000000e-01       1.00002321e+00       9.99964302e-01       1.00001266e+00       9.99999395e-01       1.00000097e+00       9.99999458e-01
      5.00000000e-01       1.00002416e+00       9.99962899e-01       1.00001313e+00       9.99999347e-01       1.00000105e+00       9.99999413e-01
      5.10000000e-01       1.00002514e+00       9.99961474e-01       1.00001359e+00       9.99999296e-01       1.00000114e+00       9.99999364e-01
      5.20000000e-01       1.00002613e+00       9.99960026e-01       1.00001407e+00       9.99999242e-01       1.00000122e+00       9.99999312e-01
      5.30000000e-01       1.00002714e+00       9.99958556e-01       1.00001454e+00       9.99999185e-01       1.00000132e+00       9.99999257e-01
      5.40000000e-01       1.00002817e+00       9.99957064e-01       1.00001502e+00       9.99999126e-01       1.00000142e+00       9.99999199e-01
      5.50000000e-01       1.00002922e+00       9.99955550e-01       1.00001551e+00       9.99999063e-01       1.00000152e+00       9.99999137e-01
      5.60000000e-01       1.00003029e+00       9.99954015e-01       1.00001600e+00       9.99998998e-01       1.00000163e+00       9.99999072e-01
      5.70000000e-01       1.00003137e+00       9.99952458e-01       1.00001649e+00       9.99998929e-01       1.00000175e+00       9.99999004e-01
      5.80000000e-01       1.00003248e+00       9.99950881e-01       1.00001698e+00       9.99998857e-01       1.00000187e+00       9.99998931e-01
      5.90000000e-01       1.00003360e+00       9.99949284e-01       1.00001748e+00       9.99998782e-01       1.00000200e+00       9.99998855e-01
      6.00000000e-01       1.00003474e+00       9.99947667e-01       1.00001798e+00       9.99998704e-01       1.00000213e+00       9.99998775e-01
      6.10000000e-01       1.00003591e+00       9.99946029e-01       1.00001848e+00       9.99998622e-01       1.00000227e+00       9.99998690e-01
      6.20000000e-01       1.00003709e+00       9.99944373e-01       1.00001898e+00       9.99998537e-01       1.00000242e+00       9.99998601e-01
      6.30000000e-01       1.00003829e+00       9.99942697e-01       1.00001949e+00       9.99998448e-01       1.00000258e+00       9.99998508e-01
      6.40000000e-01       1.00003950e+00       9.99941003e-01       1.00001999e+00       9.99998356e-01       1.00000274e+00       9.99998410e-01
      6.50000000e-01       1.00004074e+00       9.99939290e-01       1.00002050e+00       9.99998260e-01       1.00000290e+00       9.99998307e-01
      6.60000000e-01       1.00004200e+00       9.99937559e-01       1.00002101e+00       9.99998160e-01       1.00000308e+00       9.99998199e-01
      6.70000000e-01       1.00004327e+00       9.99935810e-01       1.00002151e+00       9.99998057e-01       1.00000326e+00       9.99998086e-01
      6.80000000e-01       1.00004456e+00       9.99934044e-01       1.00002202e+00       9.99997949e-01       1.00000345e+00       9.99997968e-01
      6.90000000e-01       1.00004588e+00       9.99932260e-01       1.00002253e+00       9.99997838e-01       1.00000365e+00       9.99997845e-01
      7.00000000e-01       1.00004721e+00       9.99930460e-01       1.00002304e+00       9.99997723e-01       1.00000386e+00       9.99997716e-01
      7.10000000e-01       1.00004855e+00       9.99928644e-01       1.00002355e+00       9.99997604e-01       1.00000407e+00       9.99997581e-01
      7.20000000e-01       1.00004992e+00       9.99926811e-01       1.00002405e+00       9.99997481e-01       1.00000429e+00       9.99997440e-01
      7.30000000e-01       1.00005131e+00       9.99924963e-01       1.00002456e+00       9.99997354e-01       1.00000452e+00       9.99997293e-01
      7.40000000e-01       1.00005271e+00       9.99923099e-01       1.00002506e+00       9.99997223e-01       1.00000476e+00       9.99997140e-01
      7.50000000e-01       1.00005414e+00       9.99921221e-01       1.00002556e+00       9.99997088e-01       1.00000501e+00       9.99996981e-01
      7.60000000e-01       1.00005558e+00       9.99919327e-01       1.00002606e+00       9.99996948e-01       1.00000527e+00       9.99996814e-01
      7.70000000e-01       1.00005704e+00       9.99917420e-01       1.00002656e+00       9.99996805e-01       1.00000554e+00       9.99996641e-01
      7.80000000e-01       1.00005852e+00       9.99915498e-01       1.00002705e+00       9.99996657e-01       1.00000581e+00       9.99996461e-01
      7.90000000e-01       1.00006002e+00       9.99913562e-01       1.00002755e+00       9.99996505e-01       1.00000610e+00       9.99996274e-01
      8.00000000e-01       1.00006153e+00       9.99911614e-01       1.00002803e+00       9.99996349e-01       1.00000639e+00       9.99996080e-01
      8.10000000e-01       1.00006307e+00       9.99909652e-01       1.00002852e+00       9.99996189e-01       1.00000670e+00       9.99995877e-01
      8.20000000e-01       1.00006462e+00       9.99907677e-01       1.00002900e+00       9.99996024e-01       1.00000701e+00       9.99995668e-01
      8.30000000e-01       1.00006619e+00       9.99905691e-01       1.00002948e+00       9.99995855e-01       1.00000734e+00       9.99995450e-01
      8.40000000e-01       1.00006778e+00       9.99903692e-01       1.00002995e+00       9.99995682e-01       1.00000767e+00       9.99995224e-01
      8.50000000e-01       1.00006939e+00       9.99901682e-01       1.00003042e+00       9.99995504e-01       1.00000802e+00       9.99994989e-01
      8.60000000e-01       1.00007101e+00       9.99899660e-01       1.00003088e+00       9.99995323e-01       1.00000838e+00       9.99994746e-01
      8.70000000e-01       1.00007266e+00       9.99897628e-01       1.00003134e+00       9.99995136e-01       1.00000874e+00       9.99994495e-01
      8.80000000e-01       1.00007432e+00       9.99895585e-01       1.00003179e+00       9.99994946e-01       1.00000912e+00       9.99994234e-01
      8.90000000e-01       1.00007600e+00       9.99893531e-01       1.00003224e+00       9.99994752e-01       1.00000951e+00       9.99993964e-01
      9.00000000e-01       1.00007770e+00       9.99891468e-01       1.00003268e+00       9.99994553e-01       1.00000991e+00       9.99993685e-01
      9.10000000e-01       1.00007942e+00       9.99889395e-01       1.00003312e+00       9.99994350e-01       1.00001032e+00       9.99993397e-01
      9.20000000e-01       1.00008115e+00       9.99887313e-01       1.00003355e+00       9.99994143e-01       1.00001075e+00       9.99993098e-01
      9.30000000e-01       1.00008291e+00       9.99885221e-01       1.00003397e+00       9.99993932e-01       1.00001118e+00       9.99992789e-01
      9.40000000e-01       1.00008468e+00       9.99883122e-01       1.00003438e+00       9.99993716e-01       1.00001163e+00       9.99992471e-01
      9.50000000e-01       1.00008647e+00       9.99881013e-01       1.00003479e+00       9.99993497e-01       1.00001209e+00       9.99992141e-01
      9.60000000e-01       1.00008828e+00       9.99878897e-01       1.00003519e+00       9.99993273e-01       1.00001256e+00       9.99991802e-01
      9.70000000e-01       1.00009010e+00       9.99876774e-01       1.00003559e+00       9.99993046e-01       1.00001304e+00       9.99991451e-01
      9.80000000e-01       1.00009195e+00       9.99874642e-01       1.00003597e+00       9.99992814e-01       1.00001354e+00       9.99991089e-01
      9.90000000e-01       1.00009381e+00       9.99872504e-01       1.00003635e+00       9.99992579e-01       1.00001405e+00       9.99990715e-01
      1.00000000e+00       1.00009569e+00       9.99870359e-01       1.00003672e+00       9.99992340e-01       1.00001457e+00       9.99990331e-01
      1.01000000e+00       1.00009759e+00       9.99868208e-01       1.00003708e+00       9.99992097e-01       1.00001510e+00       9.99989934e-01
      1.02000000e+00       1.00009950e+00       9.99866050e-01       1.00003743e+00       9.99991851e-01       1.00001564e+00       9.99989525e-01
      1.03000000e+00       1.00010144e+00       9.99863887e-01       1.00003777e+00       9.99991601e-01       1.00001620e+00       9.99989104e-01
      1.04000000e+00       1.00010339e+00       9.99861718e-01       1.00003810e+00       9.99991347e-01       1.00001677e+00       9.99988671e-01
      1.05000000e+00       1.00010536e+00       9.99859544e-01       1.00003842e+00       9.99991090e-01       1.00001736e+00       9.99988225e-01
      1.06000000e+00       1.00010734e+00       9.99857366e-01       1.00003874e+00       9.99990829e-01       1.00001796e+00       9.99987766e-01
      1.07000000e+00       1.00010935e+00       9.99855182e-01       1.00003904e+00       9.99990565e-01       1.00001857e+00       9.99987293e-01
      1.08000000e+00       1.00011137e+00       9.99852994e-01       1.00003934e+00       9.99990298e-01       1.00001919e+00       9.99986808e-01
      1.09000000e+00       1.00011341e+00       9.99850802e-01       1.00003962e+00       9.99990028e-01       1.00001983e+00       9.99986308e-01
      1.10000000e+00       1.00011547e+00       9.99848607e-01       1.00003989e+00       9.99989755e-01       1.00002048e+00       9.99985795e-01
      1.11000000e+00       1.00011755e+00       9.99846407e-01       1.00004015e+00       9.99989479e-01       1.00002115e+00       9.99985268e-01
      1.12000000e+00       1.00011964e+00       9.99844205e-01       1.00004040e+00       9.99989200e-01       1.00002182e+00       9.99984726e-01
      1.13000000e+00       1.00012175e+00       9.99842000e-01       1.00004064e+00       9.99988919e-01       1.00002252e+00       9.99984169e-01
      1.14000000e+00       1.00012388e+00       9.99839792e-01       1.00004087e+00       9.99988635e-01       1.00002322e+00       9.99983598e-01
      1.15000000e+00       1.00012603e+00       9.99837581e-01       1.00004109e+00       9.99988348e-01       1.00002394e+00       9.99983012e-01
      1.16000000e+00       1.00012819e+00       9.99835368e-01       1.00004130e+00       9.99988059e-01       1.00002467e+00       9.99982410e-01
      1.17000000e+00       1.00013037e+00       9.99833154e-01       1.00004149e+00       9.99987768e-01       1.00002542e+00       9.99981793e-01
      1.18000000e+00       1.00013257e+00       9.99830938e-01       1.00004167e+00       9.99987475e-01       1.00002618e+00       9.99981160e-01
      1.19000000e+00       1.00013479e+00       9.99828720e-01       1.00004184e+00       9.99987180e-01       1.00002696e+00       9.99980511e-01
      1.20000000e+00       1.00013702e+00       9.99826501e-01       1.00004200e+00       9.99986884e-01       1.00002775e+00       9.99979845e-01
      1.21000000e+00       1.00013927e+00       9.99824281e-01       1.00004215e+00       9.99986585e-01       1.00002855e+00       9.99979163e-01
      1.22000000e+00       1.00014154e+00       9.99822061e-01       1.00004228e+00       9.99986285e-01       1.00002936e+00       9.99978465e-01
      1.23000000e+00       1.00014383e+00       9.99819840e-01       1.00004240e+00       9.99985984e-01       1.00003020e+00       9.99977749e-01
      1.24000000e+00       1.00014613e+00       9.99817619e-01       1.00004251e+00       9.99985682e-01       1.00003104e+00       9.99977016e-01
      1.25000000e+00       1.00014845e+00       9.99815398e-01       1.00004260e+00       9.99985378e-01       1.00003190e+00       9.99976266e-01
      1.26000000e+00       1.00015079e+00       9.99813176e-01       1.00004269e+00       9.99985074e-01       1.00003277e+00       9.99975498e-01
      1.27000000e+00       1.00015315e+00       9.99810956e-01       1.00004276e+00       9.99984769e-01       1.00003366e+00       9.99974712e-01
      1.28000000e+00       1.00015552e+00       9.99808736e-01       1.00004281e+00       9.99984463e-01       1.00003456e+00       9.99973907e-01
      1.29000000e+00       1.00015791e+00       9.99806517e-01       1.00004286e+00       9.99984157e-01       1.00003548e+00       9.99973085e-01
      1.30000000e+00       1.00016032e+00       9.99804299e-01       1.00004289e+00       9.99983851e-01       1.00003641e+00       9.99972243e-01
      1.31000000e+00       1.00016274e+00       9.99802082e-01       1.00004290e+00       9.99983545e-01       1.00003735e+00       9.99971383e-01
      1.32000000e+00       1.00016518e+00       9.99799866e-01       1.00004290e+00       9.99983239e-01       1.00003831e+00       9.99970504e-01
      1.33000000e+00       1.00016764e+00       9.99797652e-01       1.00004289e+00       9.99982933e-01       1.00003928e+00       9.99969605e-01
      1.34000000e+00       1.00017011e+00       9.99795440e-01       1.00004287e+00       9.99982628e-01       1.00004026e+00       9.99968687e-01
      1.35000000e+00       1.00017261e+00       9.99793230e-01       1.00004283e+00       9.99982323e-01       1.00004126e+00       9.99967749e-01
      1.36000000e+00       1.00017511e+00       9.99791022e-01       1.00004278e+00       9.99982019e-01       1.00004227e+00       9.99966791e-01
      1.37000000e+00       1.00017764e+00       9.99788816e-01       1.00004272e+00       9.99981716e-01       1.00004330e+00       9.99965812e-01
      1.38000000e+00       1.00018018e+00       9.99786612e-01       1.00004264e+00       9.99981415e-01       1.00004434e+00       9.99964813e-01
      1.39000000e+00       1.00018274e+00       9.99784412e-01       1.00004254e+00       9.99981115e-01       1.00004539e+00       9.99963794e-01
      1.40000000e+00       1.00018532e+00       9.99782214e-01       1.00004244e+00       9.99980816e-01       1.00004646e+00       9.99962753e-01
      1.41000000e+00       1.00018791e+00       9.99780019e-01       1.00004232e+00       9.99980520e-01       1.00004754e+00       9.99961692e-01
      1.42000000e+00       1.00019052e+00       9.99777827e-01       1.00004218e+00       9.99980225e-01       1.00004863e+00       9.99960609e-01
      1.43000000e+00       1.00019315e+00       9.99775638e-01       1.00004204e+00       9.99979933e-01       1.00004974e+00       9.99959504e-01
      1.44000000e+00       1.00019579e+00       9.99773453e-01       1.00004188e+00       9.99979643e-01       1.00005086e+00       9.99958378e-01
      1.45000000e+00       1.00019845e+00       9.99771271e-01       1.00004170e+00       9.99979356e-01       1.00005199e+00       9.99957230e-01
      1.46000000e+00       1.00020113e+00       9.99769093e-01       1.00004151e+00       9.99979071e-01       1.00005314e+00       9.99956060e-01
      1.47000000e+00       1.00020382e+00       9.99766918e-01       1.00004131e+00       9.99978790e-01       1.00005430e+00       9.99954867e-01
      1.48000000e+00       1.00020653e+00       9.99764747e-01       1.00004109e+00       9.99978511e-01       1.00005547e+00       9.99953652e-01
      1.49000000e+00       1.00020925e+00       9.99762581e-01       1.00004086e+00       9.99978236e-01       1.00005665e+00       9.99952413e-01
      1.50000000e+00       1.00021200e+00       9.99760418e-01       1.00004062e+00       9.99977965e-01       1.00005785e+00       9.99951152e-01
      1.51000000e+00       1.00021476e+00       9.99758260e-01       1.00004036e+00       9.99977698e-01       1.00005906e+00       9.99949868e-01
      1.52000000e+00       1.00021753e+00       9.99756105e-01       1.00004009e+00       9.99977434e-01       1.00006028e+00       9.99948561e-01
      1.53000000e+00       1.00022032e+00       9.99753956e-01       1.00003980e+00       9.99977175e-01       1.00006151e+00       9.99947230e-01
      1.54000000e+00       1.00022313e+00       9.99751810e-01       1.00003951e+00       9.99976921e-01       1.00006276e+00       9.99945875e-01
      1.55000000e+00       1.00022595e+00       9.99749670e-01       1.00003919e+00       9.99976670e-01       1.00006402e+00       9.99944496e-01
      1.56000000e+00       1.00022879e+00       9.99747534e-01       1.00003887e+00       9.99976425e-01       1.00006528e+00       9.99943094e-01
      1.57000000e+00       1.00023165e+00       9.99745402e-01       1.00003853e+00       9.99976185e-01       1.00006656e+00       9.99941667e-01
      1.58000000e+00       1.00023452e+00       9.99743276e-01       1.00003818e+00       9.99975950e-01       1.00006785e+00       9.99940216e-01
      1.59000000e+00       1.00023741e+00       9.99741154e-01       1.00003782e+00       9.99975721e-01       1.00006916e+00       9.99938740e-01
      1.60000000e+00       1.00024032e+00       9.99739038e-01       1.00003744e+00       9.99975497e-01       1.00007047e+00       9.99937240e-01
      1.61000000e+00       1.00024324e+00       9.99736926e-01       1.00003705e+00       9.99975279e-01       1.00007179e+00       9.99935715e-01
      1.62000000e+00       1.00024617e+00       9.99734820e-01       1.00003665e+00       9.99975067e-01       1.00007313e+00       9.99934165e-01
      1.63000000e+00       1.00024913e+00       9.99732718e-01       1.00003624e+00       9.99974861e-01       1.00007447e+00       9.99932589e-01
      1.64000000e+00       1.00025209e+00       9.99730622e-01       1.00003581e+00       9.99974662e-01       1.00007582e+00       9.99930989e-01
      1.65000000e+00       1.00025508e+00       9.99728531e-01       1.00003537e+00       9.99974469e-01       1.00007719e+00       9.99929363e-01
      1.66000000e+00       1.00025808e+00       9.99726446e-01       1.00003492e+00       9.99974283e-01       1.00007856e+00       9.99927711e-01
      1.67000000e+00       1.00026109e+00       9.99724366e-01       1.00003445e+00       9.99974105e-01       1.00007995e+00       9.99926034e-01
      1.68000000e+00       1.00026413e+00       9.99722291e-01       1.00003398e+00       9.99973933e-01       1.00008134e+00       9.99924332e-01
      1.69000000e+00       1.00026717e+00       9.99720221e-01       1.00003349e+00       9.99973769e-01       1.00008274e+00       9.99922603e-01
      1.70000000e+00       1.00027024e+00       9.99718157e-01       1.00003299e+00       9.99973612e-01       1.00008415e+00       9.99920848e-01
      1.71000000e+00       1.00027332e+00       9.99716099e-01       1.00003249e+00       9.99973463e-01       1.00008557e+00       9.99919067e-01
      1.72000000e+00       1.00027641e+00       9.99714046e-01       1.00003196e+00       9.99973322e-01       1.00008700e+00       9.99917261e-01
      1.73000000e+00       1.00027952e+00       9.99711999e-01       1.00003143e+00       9.99973189e-01       1.00008843e+00       9.99915427e-01
      1.74000000e+00       1.00028264e+00       9.99709957e-01       1.00003089e+00       9.99973064e-01       1.00008988e+00       9.99913568e-01
      1.75000000e+00       1.00028578e+00       9.99707920e-01       1.00003034e+00       9.99972948e-01       1.00009133e+00       9.99911682e-01
      1.76000000e+00       1.00028894e+00       9.99705890e-01       1.00002977e+00       9.99972840e-01       1.00009278e+00       9.99909769e-01
      1.77000000e+00       1.00029211e+00       9.99703865e-01       1.00002920e+00       9.99972742e-01       1.00009425e+00       9.99907830e-01
      1.78000000e+00       1.00029530e+00       9.99701845e-01       1.00002862e+00       9.99972652e-01       1.00009572e+00       9.99905864e-01
      1.79000000e+00       1.00029850e+00       9.99699831e-01       1.00002803e+00       9.99972571e-01       1.00009720e+00       9.99903872e-01
      1.80000000e+00       1.00030172e+00       9.99697823e-01       1.00002742e+00       9.99972499e-01       1.00009869e+00       9.99901853e-01
      1.81000000e+00       1.00030495e+00       9.99695820e-01       1.00002681e+00       9.99972437e-01       1.00010018e+00       9.99899807e-01
      1.82000000e+00       1.00030820e+00       9.99693823e-01       1.00002619e+00       9.99972384e-01       1.00010167e+00       9.99897734e-01
      1.83000000e+00       1.00031146e+00       9.99691831e-01       1.00002556e+00       9.99972340e-01       1.00010318e+00       9.99895634e-01
      1.84000000e+00       1.00031474e+00       9.99689845e-01       1.00002492e+00       9.99972307e-01       1.00010468e+00       9.99893507e-01
      1.85000000e+00       1.00031803e+00       9.99687865e-01       1.00002428e+00       9.99972283e-01       1.00010620e+00       9.99891354e-01
      1.86000000e+00       1.00032133e+00       9.99685890e-01       1.00002362e+00       9.99972270e-01       1.00010771e+00       9.99889173e-01
      1.87000000e+00       1.00032466e+00       9.99683920e-01       1.00002296e+00       9.99972267e-01       1.00010923e+00       9.99886965e-01
      1.88000000e+00       1.00032799e+00       9.99681956e-01       1.00002229e+00       9.99972274e-01       1.00011076e+00       9.99884731e-01
      1.89000000e+00       1.00033134e+00       9.99679998e-01       1.00002161e+00       9.99972291e-01       1.00011229e+00       9.99882469e-01
      1.90000000e+00       1.00033471e+00       9.99678045e-01       1.00002093e+00       9.99972319e-01       1.00011382e+00       9.99880180e-01
      1.91000000e+00       1.00033809e+00       9.99676097e-01       1.00002023e+00       9.99972357e-01       1.00011536e+00       9.99877865e-01
      1.92000000e+00       1.00034149e+00       9.99674155e-01       1.00001954e+00       9.99972406e-01       1.00011689e+00       9.99875522e-01
      1.93000000e+00       1.00034490e+00       9.99672218e-01       1.00001883e+00       9.99972466e-01       1.00011844e+00       9.99873153e-01
      1.94000000e+00       1.00034832e+00       9.99670287e-01       1.00001812e+00       9.99972537e-01       1.00011998e+00       9.99870756e-01
      1.95000000e+00       1.00035176e+00       9.99668360e-01       1.00001741e+00       9.99972618e-01       1.00012152e+00       9.99868333e-01
      1.96000000e+00       1.00035521e+00       9.99666439e-01       1.00001668e+00       9.99972711e-01       1.00012307e+00       9.99865883e-01
      1.97000000e+00       1.00035868e+00       9.99664524e-01       1.00001596e+00       9.99972815e-01       1.00012462e+00       9.99863407e-01
      1.98000000e+00       1.00036216e+00       9.99662613e-01       1.00001523e+00       9.99972930e-01       1.00012617e+00       9.99860903e-01
      1.99000000e+00       1.00036566e+00       9.99660707e-01       1.00001449e+00       9.99973056e-01       1.00012772e+00       9.99858373e-01
      2.00000000e+00       1.00036917e+00       9.99658807e-01       1.00001375e+00       9.99973194e-01       1.00012927e+00       9.99855816e-01
      2.01000000e+00       1.00037269e+00       9.99656912e-01       1.00001301e+00       9.99973342e-01       1.00013082e+00       9.99853233e-01
      2.02000000e+00       1.00037623e+00       9.99655021e-01       1.00001226e+00       9.99973502e-01       1.00013237e+00       9.99850624e-01
      2.03000000e+00       1.00037978e+00       9.99653136e-01       1.00001151e+00       9.99973674e-01       1.00013391e+00       9.99847988e-01
      2.04000000e+00       1.00038335e+00       9.99651255e-01       1.00001075e+00       9.99973857e-01       1.00013546e+00       9.99845326e-01
      2.05000000e+00       1.00038693e+00       9.99649379e-01       1.00000999e+00       9.99974051e-01       1.00013701e+00       9.99842638e-01
      2.06000000e+00       1.00039052e+00       9.99647508e-01       1.00000923e+00       9.99974257e-01       1.00013855e+00       9.99839924e-01
      2.07000000e+00       1.00039413e+00       9.99645642e-01       1.00000847e+00       9.99974475e-01       1.00014010e+00       9.99837184e-01
      2.08000000e+00       1.00039775e+00       9.99643780e-01       1.00000771e+00       9.99974704e-01       1.00014164e+00       9.99834418e-01
      2.09000000e+00       1.00040139e+00       9.99641923e-01       1.00000694e+00       9.99974944e-01       1.00014318e+00       9.99831627e-01
      2.10000000e+00       1.00040503e+00       9.99640070e-01       1.00000618e+00       9.99975196e-01       1.00014471e+00       9.99828810e-01
      2.11000000e+00       1.00040870e+00       9.99638222e-01       1.00000541e+00       9.99975459e-01       1.00014624e+00       9.99825968e-01
      2.12000000e+00       1.00041237e+00       9.99636378e-01       1.00000464e+00       9.99975734e-01       1.00014777e+00       9.99823101e-01
      2.13000000e+00       1.00041606e+00       9.99634539e-01       1.00000387e+00       9.99976020e-01       1.00014930e+00       9.99820209e-01
      2.14000000e+00       1.00041976e+00       9.99632703e-01       1.00000311e+00       9.99976318e-01       1.00015082e+00       9.99817292e-01
      2.15000000e+00       1.00042348e+00       9.99630872e-01       1.00000234e+00       9.99976627e-01       1.00015233e+00       9.99814350e-01
      2.16000000e+00       1.00042721e+00       9.99629046e-01       1.00000157e+00       9.99976947e-01       1.00015385e+00       9.99811384e-01
      2.17000000e+00       1.00043095e+00       9.99627223e-01       1.00000081e+00       9.99977279e-01       1.00015535e+00       9.99808393e-01
      2.18000000e+00       1.00043470e+00       9.99625404e-01       1.00000004e+00       9.99977622e-01       1.00015685e+00       9.99805378e-01
      2.19000000e+00       1.00043847e+00       9.99623589e-01       9.99999277e-01       9.99977976e-01       1.00015835e+00       9.99802340e-01
      2.20000000e+00       1.00044225e+00       9.99621778e-01       9.99998516e-01       9.99978341e-01       1.00015984e+00       9.99799277e-01
      2.21000000e+00       1.00044605e+00       9.99619970e-01       9.99997757e-01       9.99978717e-01       1.00016132e+00       9.99796191e-01
      2.22000000e+00       1.00044985e+00       9.99618167e-01       9.99997001e-01       9.99979104e-01       1.00016279e+00       9.99793082e-01
      2.23000000e+00       1.00045367e+00       9.99616367e-01       9.99996247e-01       9.99979502e-01       1.00016426e+00       9.99789950e-01
      2.24000000e+00       1.00045750e+00       9.99614570e-01       9.99995497e-01       9.99979911e-01       1.00016572e+00       9.99786795e-01
      2.25000000e+00       1.00046135e+00       9.99612777e-01       9.99994750e-01       9.99980331e-01       1.00016718e+00       9.99783617e-01
      2.26000000e+00       1.00046521e+00       9.99610988e-01       9.99994008e-01       9.99980761e-01       1.00016862e+00       9.99780417e-01
      2.27000000e+00       1.00046907e+00       9.99609201e-01       9.99993269e-01       9.99981201e-01       1.00017006e+00       9.99777195e-01
      2.28000000e+00       1.00047296e+00       9.99607418e-01       9.99992535e-01       9.99981652e-01       1.00017149e+00       9.99773951e-01
      2.29000000e+00       1.00047685e+00       9.99605638e-01       9.99991805e-01       9.99982114e-01       1.00017291e+00       9.99770685e-01
      2.30000000e+00       1.00048076e+00       9.99603861e-01       9.99991081e-01       9.99982585e-01       1.00017432e+00       9.99767398e-01
      2.31000000e+00       1.00048468e+00       9.99602087e-01       9.99990362e-01       9.99983066e-01       1.00017572e+00       9.99764090e-01
      2.32000000e+00       1.00048861e+00       9.99600317e-01       9.99989649e-01       9.99983557e-01       1.00017711e+00       9.99760761e-01
      2.33000000e+00       1.00049255e+00       9.99598548e-01       9.99988942e-01       9.99984058e-01       1.00017849e+00       9.99757412e-01
      2.34000000e+00       1.00049651e+00       9.99596783e-01       9.99988241e-01       9.99984569e-01       1.00017986e+00       9.99754042e-01
      2.35000000e+00       1.00050047e+00       9.99595020e-01       9.99987546e-01       9.99985089e-01       1.00018122e+00       9.99750653e-01
      2.36000000e+00       1.00050445e+00       9.99593260e-01       9.99986859e-01       9.99985618e-01       1.00018257e+00       9.99747244e-01
      2.37000000e+00       1.00050844e+00       9.99591503e-01       9.99986179e-01       9.99986156e-01       1.00018390e+00       9.99743815e-01
      2.38000000e+00       1.00051245e+00       9.99589748e-01       9.99985506e-01       9.99986703e-01       1.00018523e+00       9.99740367e-01
      2.39000000e+00       1.00051646e+00       9.99587995e-01       9.99984841e-01       9.99987259e-01       1.00018654e+00       9.99736901e-01
      2.40000000e+00       1.00052049e+00       9.99586244e-01       9.99984184e-01       9.99987824e-01       1.00018784e+00       9.99733416e-01
      2.41000000e+00       1.00052453e+00       9.99584496e-01       9.99983536e-01       9.99988397e-01       1.00018913e+00       9.99729914e-01
      2.42000000e+00       1.00052857e+00       9.99582750e-01       9.99982896e-01       9.99988978e-01       1.00019041e+00       9.99726393e-01
      2.43000000e+00       1.00053263e+00       9.99581005e-01       9.99982265e-01       9.99989567e-01       1.00019167e+00       9.99722855e-01
      2.44000000e+00       1.00053671e+00       9.99579263e-01       9.99981643e-01       9.99990164e-01       1.00019292e+00       9.99719300e-01
      2.45000000e+00       1.00054079e+00       9.99577522e-01       9.99981030e-01       9.99990769e-01       1.00019416e+00       9.99715728e-01
      2.46000000e+00       1.00054488e+00       9.99575783e-01       9.99980428e-01       9.99991381e-01       1.00019538e+00       9.99712140e-01
      2.47000000e+00       1.00054899e+00       9.99574046e-01       9.99979835e-01       9.99992000e-01       1.00019659e+00       9.99708536e-01
      2.48000000e+00       1.00055310e+00       9.99572311e-01       9.99979252e-01       9.99992627e-01       1.00019779e+00       9.99704916e-01
      2.49000000e+00       1.00055723e+00       9.99570577e-01       9.99978680e-01       9.99993260e-01       1.00019897e+00       9.99701281e-01
      2.50000000e+00       1.00056137e+00       9.99568844e-01       9.99978119e-01       9.99993900e-01       1.00020014e+00       9.99697631e-01
      2.51000000e+00       1.00056552e+00       9.99567113e-01       9.99977568e-01       9.99994546e-01       1.00020129e+00       9.99693966e-01
      2.52000000e+00       1.00056968e+00       9.99565382e-01       9.99977029e-01       9.99995198e-01       1.00020243e+00       9.99690287e-01
      2.53000000e+00       1.00057385e+00       9.99563653e-01       9.99976502e-01       9.99995856e-01       1.00020355e+00       9.99686594e-01
      2.54000000e+00       1.00057803e+00       9.99561925e-01       9.99975985e-01       9.99996520e-01       1.00020465e+00       9.99682887e-01
      2.55000000e+00       1.00058222e+00       9.99560198e-01       9.99975481e-01       9.99997189e-01       1.00020574e+00       9.99679168e-01
      2.56000000e+00       1.00058642e+00       9.99558472e-01       9.99974989e-01       9.99997864e-01       1.00020682e+00       9.99675435e-01
      2.57000000e+00       1.00059063e+00       9.99556747e-01       9.99974509e-01       9.99998543e-01       1.00020788e+00       9.99671691e-01
      2.58000000e+00       1.00059486e+00       9.99555022e-01       9.99974042e-01       9.99999227e-01       1.00020892e+00       9.99667934e-01
      2.59000000e+00       1.00059909e+00       9.99553298e-01       9.99973588e-01       9.99999916e-01       1.00020994e+00       9.99664166e-01
      2.60000000e+00       1.00060333e+00       9.99551574e-01       9.99973146e-01       1.00000061e+00       1.00021095e+00       9.99660387e-01
      2.61000000e+00       1.00060758e+00       9.99549851e-01       9.99972718e-01       1.00000131e+00       1.00021195e+00       9.99656597e-01
      2.62000000e+00       1.00061185e+00       9.99548128e-01       9.99972303e-01       1.00000201e+00       1.00021292e+00       9.99652796e-01
      2.63000000e+00       1.00061612e+00       9.99546405e-01       9.99971901e-01       1.00000271e+00       1.00021388e+00       9.99648986e-01
      2.64000000e+00       1.00062040e+00       9.99544683e-01       9.99971514e-01       1.00000342e+00       1.00021482e+00       9.99645166e-01
      2.65000000e+00       1.00062469e+00       9.99542960e-01       9.99971140e-01       1.00000413e+00       1.00021574e+00       9.99641336e-01
      2.66000000e+00       1.00062899e+00       9.99541238e-01       9.99970780e-01       1.00000484e+00       1.00021665e+00       9.99637498e-01
      2.67000000e+00       1.00063330e+00       9.99539515e-01       9.99970434e-01       1.00000556e+00       1.00021754e+00       9.99633652e-01
      2.68000000e+00       1.00063762e+00       9.99537792e-01       9.99970103e-01       1.00000627e+00       1.00021841e+00       9.99629798e-01
      2.69000000e+00       1.00064195e+00       9.99536069e-01       9.99969786e-01       1.00000699e+00       1.00021926e+00       9.99625936e-01
      2.70000000e+00       1.00064629e+00       9.99534345e-01       9.99969484e-01       1.00000771e+00       1.00022010e+00       9.99622067e-01
      2.71000000e+00       1.00065064e+00       9.99532621e-01       9.99969196e-01       1.00000844e+00       1.00022092e+00       9.99618191e-01
      2.72000000e+00       1.00065500e+00       9.99530896e-01       9.99968924e-01       1.00000916e+00       1.00022171e+00       9.99614309e-01
      2.73000000e+00       1.00065936e+00       9.99529171e-01       9.99968666e-01       1.00000989e+00       1.00022249e+00       9.99610421e-01
      2.74000000e+00       1.00066374e+00       9.99527445e-01       9.99968424e-01       1.00001061e+00       1.00022326e+00       9.99606528e-01
      2.75000000e+00       1.00066812e+00       9.99525717e-01       9.99968197e-01       1.00001134e+00       1.00022400e+00       9.99602629e-01
      2.76000000e+00       1.00067251e+00       9.99523989e-01       9.99967985e-01       1.00001206e+00       1.00022472e+00       9.99598726e-01
      2.77000000e+00       1.00067692e+00       9.99522260e-01       9.99967789e-01       1.00001279e+00       1.00022543e+00       9.99594819e-01
      2.78000000e+00       1.00068133e+00       9.99520529e-01       9.99967608e-01       1.00001351e+00       1.00022612e+00       9.99590908e-01
      2.79000000e+00       1.00068574e+00       9.99518798e-01       9.99967443e-01       1.00001424e+00       1.00022679e+00       9.99586993e-01
      2.80000000e+00       1.00069017e+00       9.99517064e-01       9.99967294e-01       1.00001496e+00       1.00022743e+00       9.99583076e-01
      2.81000000e+00       1.00069461e+00       9.99515330e-01       9.99967161e-01       1.00001568e+00       1.00022807e+00       9.99579156e-01
      2.82000000e+00       1.00069905e+00       9.99513593e-01       9.99967043e-01       1.00001640e+00       1.00022868e+00       9.99575234e-01
      2.83000000e+00       1.00070350e+00       9.99511856e-01       9.99966941e-01       1.00001712e+00       1.00022927e+00       9.99571310e-01
      2.84000000e+00       1.00070796e+00       9.99510116e-01       9.99966856e-01       1.00001784e+00       1.00022984e+00       9.99567384e-01
      2.85000000e+00       1.00071243e+00       9.99508374e-01       9.99966786e-01       1.00001855e+00       1.00023040e+00       9.99563458e-01
      2.86000000e+00       1.00071690e+00       9.99506631e-01       9.99966732e-01       1.00001927e+00       1.00023094e+00       9.99559532e-01
      2.87000000e+00       1.00072139e+00       9.99504885e-01       9.99966695e-01       1.00001998e+00       1.00023145e+00       9.99555605e-01
      2.88000000e+00       1.00072588e+00       9.99503137e-01       9.99966673e-01       1.00002068e+00       1.00023195e+00       9.99551679e-01
      2.89000000e+00       1.00073038e+00       9.99501387e-01       9.99966668e-01       1.00002139e+00       1.00023243e+00       9.99547753e-01
      2.90000000e+00       1.00073488e+00       9.99499635e-01       9.99966679e-01       1.00002209e+00       1.00023289e+00       9.99543828e-01
      2.91000000e+00       1.00073940e+00       9.99497879e-01       9.99966706e-01       1.00002278e+00       1.00023333e+00       9.99539905e-01
      2.92000000e+00       1.00074392e+00       9.99496122e-01       9.99966749e-01       1.00002348e+00       1.00023375e+00       9.99535985e-01
      2.93000000e+00       1.00074844e+00       9.99494362e-01       9.99966808e-01       1.00002416e+00       1.00023416e+00       9.99532066e-01
      2.94000000e+00       1.00075298e+00       9.99492598e-01       9.99966883e-01       1.00002485e+00       1.00023454e+00       9.99528150e-01
      2.95000000e+00       1.00075752e+00       9.99490832e-01       9.99966975e-01       1.00002553e+00       1.00023491e+00       9.99524237e-01
      2.96000000e+00       1.00076207e+00       9.99489063e-01       9.99967082e-01       1.00002620e+00       1.00023526e+00       9.99520328e-01
      2.97000000e+00       1.00076663e+00       9.99487291e-01       9.99967206e-01       1.00002687e+00       1.00023558e+00       9.99516423e-01
      2.98000000e+00       1.00077119e+00       9.99485516e-01       9.99967345e-01       1.00002753e+00       1.00023589e+00       9.99512522e-01
      2.99000000e+00       1.00077576e+00       9.99483737e-01       9.99967501e-01       1.00002819e+00       1.00023619e+00       9.99508626e-01
      3.00000000e+00       1.00078033e+00       9.99481955e-01       9.99967672e-01       1.00002885e+00       1.00023646e+00       9.99504735e-01
      3.01000000e+00       1.00078492e+00       9.99480169e-01       9.99967859e-01       1.00002949e+00       1.00023671e+00       9.99500849e-01
      3.02000000e+00       1.00078950e+00       9.99478380e-01       9.99968062e-01       1.00003013e+00       1.00023695e+00       9.99496969e-01
      3.03000000e+00       1.00079410e+00       9.99476587e-01       9.99968280e-01       1.00003077e+00       1.00023717e+00       9.99493096e-01
      3.04000000e+00       1.00079870e+00       9.99474790e-01       9.99968514e-01       1.00003140e+00       1.00023737e+00       9.99489229e-01
      3.05000000e+00       1.00080331e+00       9.99472989e-01       9.99968763e-01       1.00003202e+00       1.00023755e+00       9.99485369e-01
      3.06000000e+00       1.00080792e+00       9.99471184e-01       9.99969028e-01       1.00003263e+00       1.00023772e+00       9.99481517e-01
      3.07000000e+00       1.00081254e+00       9.99469375e-01       9.99969308e-01       1.00003324e+00       1.00023787e+00       9.99477672e-01
      3.08000000e+00       1.00081716e+00       9.99467561e-01       9.99969603e-01       1.00003384e+00       1.00023800e+00       9.99473835e-01
      3.09000000e+00       1.00082179e+00       9.99465743e-01       9.99969913e-01       1.00003443e+00       1.00023811e+00       9.99470007e-01
      3.10000000e+00       1.00082643e+00       9.99463921e-01       9.99970238e-01       1.00003502e+00       1.00023821e+00       9.99466187e-01
      3.11000000e+00       1.00083107e+00       9.99462094e-01       9.99970578e-01       1.00003559e+00       1.00023829e+00       9.99462377e-01
      3.12000000e+00       1.00083572e+00       9.99460262e-01       9.99970933e-01       1.00003616e+00       1.00023835e+00       9.99458576e-01
      3.13000000e+00       1.00084037e+00       9.99458426e-01       9.99971301e-01       1.00003673e+00       1.00023839e+00       9.99454785e-01
      3.14000000e+00       1.00084503e+00       9.99456584e-01       9.99971685e-01       1.00003728e+00       1.00023842e+00       9.99451004e-01
      3.15000000e+00       1.00084969e+00       9.99454738e-01       9.99972082e-01       1.00003782e+00       1.00023844e+00       9.99447233e-01
      3.16000000e+00       1.00085435e+00       9.99452886e-01       9.99972493e-01       1.00003836e+00       1.00023843e+00       9.99443473e-01
      3.17000000e+00       1.00085903e+00       9.99451029e-01       9.99972919e-01       1.00003889e+00       1.00023841e+00       9.99439725e-01
      3.18000000e+00       1.00086370e+00       9.99449167e-01       9.99973358e-01       1.00003941e+00       1.00023838e+00       9.99435987e-01
      3.19000000e+00       1.00086838e+00       9.99447299e-01       9.99973810e-01       1.00003992e+00       1.00023833e+00       9.99432262e-01
      3.20000000e+00       1.00087307e+00       9.99445425e-01       9.99974276e-01       1.00004042e+00       1.00023826e+00       9.99428548e-01
      3.21000000e+00       1.00087776e+00       9.99443546e-01       9.99974754e-01       1.00004091e+00       1.00023818e+00       9.99424847e-01
      3.22000000e+00       1.00088245e+00       9.99441661e-01       9.99975246e-01       1.00004140e+00       1.00023809e+00       9.99421159e-01
      3.23000000e+00       1.00088715e+00       9.99439770e-01       9.99975750e-01       1.00004187e+00       1.00023798e+00       9.99417483e-01
      3.24000000e+00       1.00089185e+00       9.99437873e-01       9.99976267e-01       1.00004234e+00       1.00023785e+00       9.99413821e-01
      3.25000000e+00       1.00089656e+00       9.99435970e-01       9.99976796e-01       1.00004279e+00       1.00023771e+00       9.99410172e-01
      3.26000000e+00       1.00090127e+00       9.99434061e-01       9.99977337e-01       1.00004324e+00       1.00023756e+00       9.99406537e-01
      3.27000000e+00       1.00090598e+00       9.99432145e-01       9.99977890e-01       1.00004367e+00       1.00023740e+00       9.99402916e-01
      3.28000000e+00       1.00091069e+00       9.99430223e-01       9.99978454e-01       1.00004410e+00       1.00023722e+00       9.99399309e-01
      3.29000000e+00       1.00091541e+00       9.99428295e-01       9.99979030e-01       1.00004452e+00       1.00023703e+00       9.99395717e-01
      3.30000000e+00       1.00092014e+00       9.99426359e-01       9.99979617e-01       1.00004492e+00       1.00023682e+00       9.99392140e-01
      3.31000000e+00       1.00092486e+00       9.99424417e-01       9.99980214e-01       1.00004532e+00       1.00023660e+00       9.99388578e-01
      3.32000000e+00       1.00092959e+00       9.99422469e-01       9.99980823e-01       1.00004571e+00       1.00023637e+00       9.99385031e-01
      3.33000000e+00       1.00093432e+00       9.99420513e-01       9.99981441e-01       1.00004609e+00       1.00023613e+00       9.99381500e-01
      3.34000000e+00       1.00093906e+00       9.99418550e-01       9.99982070e-01       1.00004646e+00       1.00023588e+00       9.99377984e-01
      3.35000000e+00       1.00094380e+00       9.99416580e-01       9.99982708e-01       1.00004681e+00       1.00023562e+00       9.99374485e-01
      3.36000000e+00       1.00094854e+00       9.99414602e-01       9.99983356e-01       1.00004716e+00       1.00023534e+00       9.99371002e-01
      3.37000000e+00       1.00095328e+00       9.99412617e-01       9.99984014e-01       1.00004750e+00       1.00023505e+00       9.99367535e-01
      3.38000000e+00       1.00095802e+00       9.99410625e-01       9.99984680e-01       1.00004783e+00       1.00023476e+00       9.99364085e-01
      3.39000000e+00       1.00096277e+00       9.99408625e-01       9.99985355e-01       1.00004815e+00       1.00023445e+00       9.99360652e-01
      3.40000000e+00       1.00096752e+00       9.99406618e-01       9.99986038e-01       1.00004846e+00       1.00023413e+00       9.99357236e-01
      3.41000000e+00       1.00097227e+00       9.99404603e-01       9.99986730e-01       1.00004875e+00       1.00023381e+00       9.99353837e-01
      3.42000000e+00       1.00097702e+00       9.99402580e-01       9.99987429e-01       1.00004904e+00       1.00023347e+00       9.99350456e-01
      3.43000000e+00       1.00098177e+00       9.99400549e-01       9.99988136e-01       1.00004932e+00       1.00023313e+00       9.99347092e-01
      3.44000000e+00       1.00098653e+00       9.99398510e-01       9.99988850e-01       1.00004959e+00       1.00023277e+00       9.99343746e-01
      3.45000000e+00       1.00099129e+00       9.99396463e-01       9.99989572e-01       1.00004985e+00       1.00023241e+00       9.99340419e-01
      3.46000000e+00       1.00099604e+00       9.99394407e-01       9.99990299e-01       1.00005010e+00       1.00023204e+00       9.99337109e-01
      3.47000000e+00       1.00100080e+00       9.99392344e-01       9.99991033e-01       1.00005034e+00       1.00023167e+00       9.99333818e-01
      3.48000000e+00       1.00100556e+00       9.99390272e-01       9.99991773e-01       1.00005057e+00       1.00023128e+00       9.99330545e-01
      3.49000000e+00       1.00101032e+00       9.99388191e-01       9.99992519e-01       1.00005079e+00       1.00023089e+00       9.99327290e-01
      3.50000000e+00       1.00101508e+00       9.99386102e-01       9.99993270e-01       1.00005100e+00       1.00023049e+00       9.99324055e-01
      3.51000000e+00       1.00101984e+00       9.99384005e-01       9.99994027e-01       1.00005120e+00       1.00023009e+00       9.99320838e-01
      3.52000000e+00       1.00102461e+00       9.99381899e-01       9.99994787e-01       1.00005139e+00       1.00022968e+00       9.99317641e-01
      3.53000000e+00       1.00102937e+00       9.99379784e-01       9.99995553e-01       1.00005157e+00       1.00022926e+00       9.99314463e-01
      3.54000000e+00       1.00103413e+00       9.99377660e-01       9.99996322e-01       1.00005174e+00       1.00022884e+00       9.99311304e-01
      3.55000000e+00       1.00103889e+00       9.99375527e-01       9.99997095e-01       1.00005191e+00       1.00022842e+00       9.99308164e-01
      3.56000000e+00       1.00104365e+00       9.99373386e-01       9.99997872e-01       1.00005206e+00       1.00022799e+00       9.99305044e-01
      3.57000000e+00       1.00104841e+00       9.99371235e-01       9.99998652e-01       1.00005220e+00       1.00022755e+00       9.99301943e-01
      3.58000000e+00       1.00105317e+00       9.99369075e-01       9.99999434e-01       1.00005234e+00       1.00022711e+00       9.99298862e-01
      3.59000000e+00       1.00105793e+00       9.99366906e-01       1.00000022e+00       1.00005247e+00       1.00022667e+00       9.99295801e-01
      3.60000000e+00       1.00106269e+00       9.99364728e-01       1.00000101e+00       1.00005258e+00       1.00022623e+00       9.99292760e-01
      3.61000000e+00       1.00106745e+00       9.99362541e-01       1.00000179e+00       1.00005269e+00       1.00022578e+00       9.99289739e-01
      3.62000000e+00       1.00107221e+00       9.99360344e-01       1.00000259e+00       1.00005280e+00       1.00022533e+00       9.99286737e-01
      3.63000000e+00       1.00107696e+00       9.99358138e-01       1.00000338e+00       1.00005289e+00       1.00022488e+00       9.99283756e-01
      3.64000000e+00       1.00108171e+00       9.99355922e-01       1.00000417e+00       1.00005297e+00       1.00022443e+00       9.99280795e-01
      3.65000000e+00       1.00108647e+00       9.99353698e-01       1.00000496e+00       1.00005305e+00       1.00022397e+00       9.99277855e-01
      3.66000000e+00       1.00109122e+00       9.99351463e-01       1.00000575e+00       1.00005312e+00       1.00022352e+00       9.99274934e-01
      3.67000000e+00       1.00109596e+00       9.99349219e-01       1.00000655e+00       1.00005318e+00       1.00022306e+00       9.99272034e-01
      3.68000000e+00       1.00110071e+00       9.99346966e-01       1.00000734e+00       1.00005323e+00       1.00022261e+00       9.99269154e-01
      3.69000000e+00       1.00110545e+00       9.99344702e-01       1.00000813e+00       1.00005327e+00       1.00022215e+00       9.99266295e-01
      3.70000000e+00       1.00111019e+00       9.99342430e-01       1.00000892e+00       1.00005331e+00       1.00022170e+00       9.99263456e-01
      3.71000000e+00       1.00111493e+00       9.99340147e-01       1.00000971e+00       1.00005334e+00       1.00022124e+00       9.99260637e-01
      3.72000000e+00       1.00111966e+00       9.99337855e-01       1.00001049e+00       1.00005336e+00       1.00022079e+00       9.99257839e-01
      3.73000000e+00       1.00112440e+00       9.99335554e-01       1.00001128e+00       1.00005338e+00       1.00022034e+00       9.99255062e-01
      3.74000000e+00       1.00112912e+00       9.99333242e-01       1.00001206e+00       1.00005339e+00       1.00021989e+00       9.99252305e-01
      3.75000000e+00       1.00113385e+00       9.99330921e-01       1.00001283e+00       1.00005339e+00       1.00021944e+00       9.99249568e-01
      3.76000000e+00       1.00113857e+00       9.99328590e-01       1.00001361e+00       1.00005338e+00       1.00021900e+00       9.99246852e-01
      3.77000000e+00       1.00114329e+00       9.99326249e-01       1.00001438e+00       1.00005337e+00       1.00021855e+00       9.99244157e-01
      3.78000000e+00       1.00114800e+00       9.99323899e-01       1.00001515e+00       1.00005335e+00       1.00021812e+00       9.99241482e-01
      3.79000000e+00       1.00115271e+00       9.99321539e-01       1.00001591e+00       1.00005333e+00       1.00021768e+00       9.99238828e-01
      3.80000000e+00       1.00115742e+00       9.99319169e-01       1.00001667e+00       1.00005330e+00       1.00021725e+00       9.99236194e-01
      3.81000000e+00       1.00116212e+00       9.99316790e-01       1.00001742e+00       1.00005326e+00       1.00021683e+00       9.99233580e-01
      3.82000000e+00       1.00116681e+00       9.99314401e-01       1.00001817e+00       1.00005322e+00       1.00021640e+00       9.99230987e-01
      3.83000000e+00       1.00117151e+00       9.99312002e-01       1.00001891e+00       1.00005318e+00       1.00021599e+00       9.99228415e-01
      3.84000000e+00       1.00117619e+00       9.99309594e-01       1.00001965e+00       1.00005312e+00       1.00021558e+00       9.99225862e-01
      3.85000000e+00       1.00118087e+00       9.99307176e-01       1.00002038e+00       1.00005307e+00       1.00021517e+00       9.99223330e-01
      3.86000000e+00       1.00118555e+00       9.99304748e-01       1.00002111e+00       1.00005300e+00       1.00021477e+00       9.99220819e-01
      3.87000000e+00       1.00119022e+00       9.99302311e-01       1.00002182e+00       1.00005294e+00       1.00021438e+00       9.99218327e-01
      3.88000000e+00       1.00119488e+00       9.99299865e-01       1.00002253e+00       1.00005287e+00       1.00021400e+00       9.99215856e-01
      3.89000000e+00       1.00119954e+00       9.99297409e-01       1.00002324e+00       1.00005279e+00       1.00021362e+00       9.99213405e-01
      3.90000000e+00       1.00120419e+00       9.99294943e-01       1.00002393e+00       1.00005271e+00       1.00021325e+00       9.99210974e-01
      3.91000000e+00       1.00120883e+00       9.99292469e-01       1.00002462e+00       1.00005263e+00       1.00021289e+00       9.99208564e-01
      3.92000000e+00       1.00121347e+00       9.99289985e-01       1.00002530e+00       1.00005254e+00       1.00021253e+00       9.99206173e-01
      3.93000000e+00       1.00121810e+00       9.99287492e-01       1.00002597e+00       1.00005245e+00       1.00021219e+00       9.99203802e-01
      3.94000000e+00       1.00122273e+00       9.99284989e-01       1.00002663e+00       1.00005235e+00       1.00021185e+00       9.99201451e-01
      3.95000000e+00       1.00122735e+00       9.99282478e-01       1.00002728e+00       1.00005225e+00       1.00021152e+00       9.99199119e-01
      3.96000000e+00       1.00123196e+00       9.99279958e-01       1.00002793e+00       1.00005215e+00       1.00021120e+00       9.99196807e-01
      3.97000000e+00       1.00123656e+00       9.99277429e-01       1.00002856e+00       1.00005205e+00       1.00021089e+00       9.99194515e-01
      3.98000000e+00       1.00124115e+00       9.99274891e-01       1.00002918e+00       1.00005194e+00       1.00021059e+00       9.99192243e-01
      3.99000000e+00       1.00124574e+00       9.99272344e-01       1.00002980e+00       1.00005183e+00       1.00021030e+00       9.99189989e-01
      4.00000000e+00       1.00125032e+00       9.99269789e-01       1.00003040e+00       1.00005172e+00       1.00021002e+00       9.99187756e-01
      4.01000000e+00       1.00125489e+00       9.99267225e-01       1.00003099e+00       1.00005160e+00       1.00020975e+00       9.99185541e-01
      4.02000000e+00       1.00125945e+00       9.99264653e-01       1.00003157e+00       1.00005149e+00       1.00020950e+00       9.99183345e-01
      4.03000000e+00       1.00126400e+00       9.99262073e-01       1.00003214e+00       1.00005137e+00       1.00020925e+00       9.99181169e-01
      4.04000000e+00       1.00126854e+00       9.99259484e-01       1.00003270e+00       1.00005125e+00       1.00020902e+00       9.99179012e-01
      4.05000000e+00       1.00127307e+00       9.99256887e-01       1.00003325e+00       1.00005112e+00       1.00020880e+00       9.99176873e-01
      4.06000000e+00       1.00127760e+00       9.99254283e-01       1.00003378e+00       1.00005100e+00       1.00020859e+00       9.99174753e-01
      4.07000000e+00       1.00128211e+00       9.99251671e-01       1.00003430e+00       1.00005088e+00       1.00020839e+00       9.99172652e-01
      4.08000000e+00       1.00128661e+00       9.99249051e-01       1.00003481e+00       1.00005075e+00       1.00020820e+00       9.99170569e-01
      4.09000000e+00       1.00129111e+00       9.99246423e-01       1.00003531e+00       1.00005062e+00       1.00020803e+00       9.99168505e-01
      4.10000000e+00       1.00129559e+00       9.99243789e-01       1.00003580e+00       1.00005050e+00       1.00020787e+00       9.99166459e-01
      4.11000000e+00       1.00130006e+00       9.99241147e-01       1.00003627e+00       1.00005037e+00       1.00020773e+00       9.99164431e-01
      4.12000000e+00       1.00130452e+00       9.99238498e-01       1.00003673e+00       1.00005024e+00       1.00020759e+00       9.99162421e-01
      4.13000000e+00       1.00130897e+00       9.99235842e-01       1.00003717e+00       1.00005011e+00       1.00020748e+00       9.99160429e-01
      4.14000000e+00       1.00131341e+00       9.99233180e-01       1.00003760e+00       1.00004998e+00       1.00020737e+00       9.99158455e-01
      4.15000000e+00       1.00131784e+00       9.99230511e-01       1.00003802e+00       1.00004985e+00       1.00020728e+00       9.99156499e-01
      4.16000000e+00       1.00132225e+00       9.99227836e-01       1.00003842e+00       1.00004972e+00       1.00020721e+00       9.99154560e-01
      4.17000000e+00       1.00132666e+00       9.99225155e-01       1.00003881e+00       1.00004959e+00       1.00020714e+00       9.99152638e-01
      4.18000000e+00       1.00133105e+00       9.99222467e-01       1.00003919e+00       1.00004946e+00       1.00020710e+00       9.99150734e-01
      4.19000000e+00       1.00133543e+00       9.99219774e-01       1.00003955e+00       1.00004933e+00       1.00020707e+00       9.99148847e-01
      4.20000000e+00       1.00133979e+00       9.99217076e-01       1.00003990e+00       1.00004921e+00       1.00020705e+00       9.99146977e-01
      4.21000000e+00       1.00134415e+00       9.99214372e-01       1.00004023e+00       1.00004908e+00       1.00020705e+00       9.99145125e-01
      4.22000000e+00       1.00134849e+00       9.99211663e-01       1.00004055e+00       1.00004895e+00       1.00020706e+00       9.99143288e-01
      4.23000000e+00       1.00135281e+00       9.99208949e-01       1.00004085e+00       1.00004883e+00       1.00020710e+00       9.99141469e-01
      4.24000000e+00       1.00135712e+00       9.99206230e-01       1.00004113e+00       1.00004870e+00       1.00020714e+00       9.99139666e-01
      4.25000000e+00       1.00136142e+00       9.99203507e-01       1.00004141e+00       1.00004858e+00       1.00020720e+00       9.99137879e-01
      4.26000000e+00       1.00136571e+00       9.99200780e-01       1.00004166e+00       1.00004846e+00       1.00020728e+00       9.99136109e-01
      4.27000000e+00       1.00136998e+00       9.99198048e-01       1.00004190e+00       1.00004834e+00       1.00020738e+00       9.99134354e-01
      4.28000000e+00       1.00137423e+00       9.99195313e-01       1.00004213e+00       1.00004822e+00       1.00020749e+00       9.99132616e-01
      4.29000000e+00       1.00137847e+00       9.99192575e-01       1.00004234e+00       1.00004810e+00       1.00020762e+00       9.99130893e-01
      4.30000000e+00       1.00138270e+00       9.99189833e-01       1.00004253e+00       1.00004799e+00       1.00020776e+00       9.99129187e-01
      4.31000000e+00       1.00138691e+00       9.99187088e-01       1.00004271e+00       1.00004787e+00       1.00020792e+00       9.99127495e-01
      4.32000000e+00       1.00139110e+00       9.99184340e-01       1.00004287e+00       1.00004776e+00       1.00020810e+00       9.99125819e-01
      4.33000000e+00       1.00139528e+00       9.99181590e-01       1.00004302e+00       1.00004765e+00       1.00020829e+00       9.99124159e-01
      4.34000000e+00       1.00139944e+00       9.99178838e-01       1.00004315e+00       1.00004755e+00       1.00020851e+00       9.99122513e-01
      4.35000000e+00       1.00140359e+00       9.99176083e-01       1.00004327e+00       1.00004744e+00       1.00020874e+00       9.99120882e-01
      4.36000000e+00       1.00140772e+00       9.99173327e-01       1.00004336e+00       1.00004734e+00       1.00020898e+00       9.99119267e-01
      4.37000000e+00       1.00141183e+00       9.99170570e-01       1.00004345e+00       1.00004724e+00       1.00020925e+00       9.99117665e-01
      4.38000000e+00       1.00141593e+00       9.99167812e-01       1.00004351e+00       1.00004714e+00       1.00020953e+00       9.99116079e-01
      4.39000000e+00       1.00142001e+00       9.99165052e-01       1.00004356e+00       1.00004705e+00       1.00020982e+00       9.99114507e-01
      4.40000000e+00       1.00142407e+00       9.99162293e-01       1.00004360e+00       1.00004695e+00       1.00021014e+00       9.99112949e-01
      4.41000000e+00       1.00142811e+00       9.99159533e-01       1.00004362e+00       1.00004686e+00       1.00021047e+00       9.99111405e-01
      4.42000000e+00       1.00143214e+00       9.99156773e-01       1.00004362e+00       1.00004677e+00       1.00021082e+00       9.99109875e-01
      4.43000000e+00       1.00143614e+00       9.99154013e-01       1.00004360e+00       1.00004669e+00       1.00021119e+00       9.99108359e-01
      4.44000000e+00       1.00144013e+00       9.99151254e-01       1.00004357e+00       1.00004661e+00       1.00021158e+00       9.99106857e-01
      4.45000000e+00       1.00144410e+00       9.99148496e-01       1.00004353e+00       1.00004653e+00       1.00021198e+00       9.99105368e-01
      4.46000000e+00       1.00144805e+00       9.99145740e-01       1.00004346e+00       1.00004645e+00       1.00021240e+00       9.99103893e-01
      4.47000000e+00       1.00145198e+00       9.99142985e-01       1.00004338e+00       1.00004638e+00       1.00021284e+00       9.99102431e-01
      4.48000000e+00       1.00145590e+00       9.99140232e-01       1.00004329e+00       1.00004631e+00       1.00021329e+00       9.99100982e-01
      4.49000000e+00       1.00145979e+00       9.99137481e-01       1.00004318e+00       1.00004624e+00       1.00021377e+00       9.99099546e-01
      4.50000000e+00       1.00146366e+00       9.99134733e-01       1.00004305e+00       1.00004617e+00       1.00021426e+00       9.99098123e-01
      4.51000000e+00       1.00146751e+00       9.99131988e-01       1.00004291e+00       1.00004611e+00       1.00021477e+00       9.99096712e-01
      4.52000000e+00       1.00147135e+00       9.99129246e-01       1.00004275e+00       1.00004605e+00       1.00021529e+00       9.99095314e-01
      4.53000000e+00       1.00147516e+00       9.99126508e-01       1.00004258e+00       1.00004599e+00       1.00021584e+00       9.99093929e-01
      4.54000000e+00       1.00147895e+00       9.99123774e-01       1.00004239e+00       1.00004594e+00       1.00021640e+00       9.99092556e-01
      4.55000000e+00       1.00148272e+00       9.99121044e-01       1.00004218e+00       1.00004589e+00       1.00021697e+00       9.99091195e-01
      4.56000000e+00       1.00148647e+00       9.99118318e-01       1.00004196e+00       1.00004584e+00       1.00021757e+00       9.99089846e-01
      4.57000000e+00       1.00149019e+00       9.99115598e-01       1.00004173e+00       1.00004579e+00       1.00021818e+00       9.99088509e-01
      4.58000000e+00       1.00149390e+00       9.99112883e-01       1.00004147e+00       1.00004575e+00       1.00021881e+00       9.99087183e-01
      4.59000000e+00       1.00149758e+00       9.99110174e-01       1.00004121e+00       1.00004571e+00       1.00021946e+00       9.99085870e-01
      4.60000000e+00       1.00150124e+00       9.99107471e-01       1.00004093e+00       1.00004568e+00       1.00022012e+00       9.99084568e-01
      4.61000000e+00       1.00150488e+00       9.99104774e-01       1.00004063e+00       1.00004564e+00       1.00022080e+00       9.99083277e-01
      4.62000000e+00       1.00150849e+00       9.99102084e-01       1.00004032e+00       1.00004561e+00       1.00022150e+00       9.99081997e-01
      4.63000000e+00       1.00151208e+00       9.99099401e-01       1.00003999e+00       1.00004558e+00       1.00022221e+00       9.99080729e-01
      4.64000000e+00       1.00151565e+00       9.99096725e-01       1.00003965e+00       1.00004556e+00       1.00022294e+00       9.99079471e-01
      4.65000000e+00       1.00151920e+00       9.99094058e-01       1.00003930e+00       1.00004553e+00       1.00022368e+00       9.99078224e-01
      4.66000000e+00       1.00152272e+00       9.99091398e-01       1.00003893e+00       1.00004551e+00       1.00022445e+00       9.99076988e-01
      4.67000000e+00       1.00152622e+00       9.99088747e-01       1.00003855e+00       1.00004550e+00       1.00022522e+00       9.99075763e-01
      4.68000000e+00       1.00152969e+00       9.99086105e-01       1.00003815e+00       1.00004548e+00       1.00022602e+00       9.99074548e-01
      4.69000000e+00       1.00153314e+00       9.99083473e-01       1.00003774e+00       1.00004547e+00       1.00022683e+00       9.99073344e-01
      4.70000000e+00       1.00153657e+00       9.99080850e-01       1.00003732e+00       1.00004546e+00       1.00022765e+00       9.99072149e-01
      4.71000000e+00       1.00153997e+00       9.99078237e-01       1.00003688e+00       1.00004545e+00       1.00022850e+00       9.99070965e-01
      4.72000000e+00       1.00154334e+00       9.99075635e-01       1.00003643e+00       1.00004545e+00       1.00022935e+00       9.99069791e-01
      4.73000000e+00       1.00154669e+00       9.99073043e-01       1.00003597e+00       1.00004544e+00       1.00023022e+00       9.99068626e-01
      4.74000000e+00       1.00155001e+00       9.99070463e-01       1.00003549e+00       1.00004544e+00       1.00023111e+00       9.99067472e-01
      4.75000000e+00       1.00155331e+00       9.99067894e-01       1.00003501e+00       1.00004545e+00       1.00023201e+00       9.99066327e-01
      4.76000000e+00       1.00155659e+00       9.99065336e-01       1.00003451e+00       1.00004545e+00       1.00023293e+00       9.99065191e-01
      4.77000000e+00       1.00155983e+00       9.99062792e-01       1.00003399e+00       1.00004546e+00       1.00023386e+00       9.99064065e-01
      4.78000000e+00       1.00156305e+00       9.99060259e-01       1.00003347e+00       1.00004546e+00       1.00023480e+00       9.99062948e-01
      4.79000000e+00       1.00156625e+00       9.99057740e-01       1.00003294e+00       1.00004547e+00       1.00023576e+00       9.99061841e-01
      4.80000000e+00       1.00156941e+00       9.99055234e-01       1.00003239e+00       1.00004549e+00       1.00023673e+00       9.99060742e-01
      4.81000000e+00       1.00157255e+00       9.99052742e-01       1.00003183e+00       1.00004550e+00       1.00023772e+00       9.99059653e-01
      4.82000000e+00       1.00157567e+00       9.99050264e-01       1.00003126e+00       1.00004551e+00       1.00023872e+00       9.99058572e-01
      4.83000000e+00       1.00157875e+00       9.99047800e-01       1.00003068e+00       1.00004553e+00       1.00023973e+00       9.99057500e-01
      4.84000000e+00       1.00158181e+00       9.99045352e-01       1.00003009e+00       1.00004555e+00       1.00024076e+00       9.99056436e-01
      4.85000000e+00       1.00158484e+00       9.99042918e-01       1.00002949e+00       1.00004557e+00       1.00024179e+00       9.99055382e-01
      4.86000000e+00       1.00158784e+00       9.99040500e-01       1.00002888e+00       1.00004559e+00       1.00024284e+00       9.99054335e-01
      4.87000000e+00       1.00159082e+00       9.99038098e-01       1.00002826e+00       1.00004561e+00       1.00024391e+00       9.99053297e-01
      4.88000000e+00       1.00159376e+00       9.99035712e-01       1.00002764e+00       1.00004564e+00       1.00024498e+00       9.99052267e-01
      4.89000000e+00       1.00159668e+00       9.99033343e-01       1.00002700e+00       1.00004566e+00       1.00024607e+00       9.99051245e-01
      4.90000000e+00       1.00159957e+00       9.99030990e-01       1.00002635e+00       1.00004569e+00       1.00024717e+00       9.99050232e-01
      4.91000000e+00       1.00160243e+00       9.99028655e-01       1.00002570e+00       1.00004572e+00       1.00024827e+00       9.99049226e-01
      4.92000000e+00       1.00160526e+00       9.99026338e-01       1.00002503e+00       1.00004575e+00       1.00024939e+00       9.99048228e-01
      4.93000000e+00       1.00160806e+00       9.99024038e-01       1.00002436e+00       1.00004577e+00       1.00025052e+00       9.99047238e-01
      4.94000000e+00       1.00161083e+00       9.99021757e-01       1.00002368e+00       1.00004580e+00       1.00025166e+00       9.99046255e-01
      4.95000000e+00       1.00161358e+00       9.99019495e-01       1.00002300e+00       1.00004583e+00       1.00025282e+00       9.99045280e-01
      4.96000000e+00       1.00161629e+00       9.99017252e-01       1.00002230e+00       1.00004587e+00       1.00025398e+00       9.99044312e-01
      4.97000000e+00       1.00161897e+00       9.99015028e-01       1.00002160e+00       1.00004590e+00       1.00025515e+00       9.99043352e-01
      4.98000000e+00       1.00162162e+00       9.99012823e-01       1.00002090e+00       1.00004593e+00       1.00025632e+00       9.99042399e-01
      4.99000000e+00       1.00162425e+00       9.99010639e-01       1.00002018e+00       1.00004596e+00       1.00025751e+00       9.99041454e-01
      5.00000000e+00       1.00162684e+00       9.99008475e-01       1.00001947e+00       1.00004599e+00       1.00025871e+00       9.99040515e-01
