      0.00000000e+00       1.00000000e+00       1.00000000e+00       1.00000000e+00       1.00000000e+00       1.00000000e+00       1.00000000e+00
      1.00000000e-01       1.00003027e+00       1.00943556e+00       9.90534170e-01       9.90534170e-01       1.00943556e+00       1.00003027e+00
      2.00000000e-01       1.00046766e+00       1.03509461e+00       9.64437733e-01       9.64437733e-01       1.03509461e+00       1.00046766e+00
      3.00000000e-01       1.00223631e+00       1.07005899e+00       9.27704704e-01       9.27704704e-01       1.07005899e+00       1.00223631e+00
      4.00000000e-01       1.00654407e+00       1.10566857e+00       8.87787359e-01       8.87787359e-01       1.10566857e+00       1.00654407e+00
      5.00000000e-01       1.01453518e+00       1.13428862e+00       8.51176196e-01       8.51176196e-01       1.13428862e+00       1.01453518e+00
      6.00000000e-01       1.02701139e+00       1.15113936e+00       8.21849245e-01       8.21849245e-01       1.15113936e+00       1.02701139e+00
      7.00000000e-01       1.04428255e+00       1.15471693e+00       8.01000519e-01       8.01000519e-01       1.15471693e+00       1.04428255e+00
      8.00000000e-01       1.06613804e+00       1.14609681e+00       7.87765150e-01       7.87765150e-01       1.14609681e+00       1.06613804e+00
      9.00000000e-01       1.09189375e+00       1.12778988e+00       7.80316365e-01       7.80316365e-01       1.12778988e+00       1.09189375e+00
      1.00000000e+00       1.12047196e+00       1.10275597e+00       7.76772075e-01       7.76772075e-01       1.10275597e+00       1.12047196e+00
      1.10000000e+00       1.15049401e+00       1.07386744e+00       7.75638549e-01       7.75638549e-01       1.07386744e+00       1.15049401e+00
      1.20000000e+00       1.18038746e+00       1.04378103e+00       7.75831511e-01       7.75831511e-01       1.04378103e+00       1.18038746e+00
      1.30000000e+00       1.20851565e+00       1.01497123e+00       7.76513115e-01       7.76513115e-01       1.01497123e+00       1.20851565e+00
      1.40000000e+00       1.23332835e+00       9.89677080e-01       7.76994569e-01       7.76994569e-01       9.89677080e-01       1.23332835e+00
      1.50000000e+00       1.25351218e+00       9.69693206e-01       7.76794614e-01       7.76794614e-01       9.69693206e-01       1.25351218e+00
      1.60000000e+00       1.26810607e+00       9.56150852e-01       7.75743075e-01       7.75743075e-01       9.56150852e-01       1.26810607e+00
      1.70000000e+00       1.27655246e+00       9.49498828e-01       7.73948711e-01       7.73948711e-01       9.49498828e-01       1.27655246e+00
      1.80000000e+00       1.27868082e+00       9.49743453e-01       7.71575724e-01       7.71575724e-01       9.49743453e-01       1.27868082e+00
      1.90000000e+00       1.27464934e+00       9.56775009e-01       7.68575646e-01       7.68575646e-01       9.56775009e-01       1.27464934e+00
      2.00000000e+00       1.26488232e+00       9.70509619e-01       7.64608059e-01       7.64608059e-01       9.70509619e-01       1.26488232e+00
      2.10000000e+00       1.25002843e+00       9.90698842e-01       7.59272724e-01       7.59272724e-01       9.90698842e-01       1.25002843e+00
      2.20000000e+00       1.23093988e+00       1.01649747e+00       7.52562643e-01       7.52562643e-01       1.01649747e+00       1.23093988e+00
      2.30000000e+00       1.20865301e+00       1.04605285e+00       7.45294139e-01       7.45294139e-01       1.04605285e+00       1.20865301e+00
      2.40000000e+00       1.18434695e+00       1.07639490e+00       7.39258154e-01       7.39258154e-01       1.07639490e+00       1.18434695e+00
      2.50000000e+00       1.15926585e+00       1.10379342e+00       7.36940729e-01       7.36940729e-01       1.10379342e+00       1.15926585e+00
      2.60000000e+00       1.13460618e+00       1.12457083e+00       7.40822988e-01       7.40822988e-01       1.12457083e+00       1.13460618e+00
      2.70000000e+00       1.11138820e+00       1.13615879e+00       7.52453012e-01       7.52453012e-01       1.13615879e+00       1.11138820e+00
      2.80000000e+00       1.09034617e+00       1.13802189e+00       7.71631943e-01       7.71631943e-01       1.13802189e+00       1.09034617e+00
      2.90000000e+00       1.07187608e+00       1.13203622e+00       7.96087704e-01       7.96087704e-01       1.13203622e+00       1.07187608e+00
      3.00000000e+00       1.05606746e+00       1.12206934e+00       8.21863197e-01       8.21863197e-01       1.12206934e+00       1.05606746e+00
      3.10000000e+00       1.04281883e+00       1.11281132e+00       8.44369856e-01       8.44369856e-01       1.11281132e+00       1.04281883e+00
      3.20000000e+00       1.03200487e+00       1.10821032e+00       8.59784813e-01       8.59784813e-01       1.10821032e+00       1.03200487e+00
      3.30000000e+00       1.02363958e+00       1.11004787e+00       8.66312554e-01       8.66312554e-01       1.11004787e+00       1.02363958e+00
      3.40000000e+00       1.01797212e+00       1.11719935e+00       8.64828528e-01       8.64828528e-01       1.11719935e+00       1.01797212e+00
      3.50000000e+00       1.01546794e+00       1.12594951e+00       8.58582553e-01       8.58582553e-01       1.12594951e+00       1.01546794e+00
      3.60000000e+00       1.01666864e+00       1.13136018e+00       8.51971179e-01       8.51971179e-01       1.13136018e+00       1.01666864e+00
      3.70000000e+00       1.02197910e+00       1.12920451e+00       8.48816395e-01       8.48816395e-01       1.12920451e+00       1.02197910e+00
      3.80000000e+00       1.03147113e+00       1.11763589e+00       8.50892988e-01       8.50892988e-01       1.11763589e+00       1.03147113e+00
      3.90000000e+00       1.04479049e+00       1.09782721e+00       8.57382301e-01       8.57382301e-01       1.09782721e+00       1.04479049e+00
      4.00000000e+00       1.06120399e+00       1.07332933e+00       8.65466683e-01       8.65466683e-01       1.07332933e+00       1.06120399e+00
      4.10000000e+00       1.07975510e+00       1.04855007e+00       8.71694825e-01       8.71694825e-01       1.04855007e+00       1.07975510e+00
      4.20000000e+00       1.09945189e+00       1.02712928e+00       8.73418824e-01       8.73418824e-01       1.02712928e+00       1.09945189e+00
      4.30000000e+00       1.11941106e+00       1.01089814e+00       8.69690796e-01       8.69690796e-01       1.01089814e+00       1.11941106e+00
      4.40000000e+00       1.13891726e+00       9.99716892e-01       8.61365846e-01       8.61365846e-01       9.99716892e-01       1.13891726e+00
      4.50000000e+00       1.15740042e+00       9.92073682e-01       8.50525900e-01       8.50525900e-01       9.92073682e-01       1.15740042e+00
      4.60000000e+00       1.17436521e+00       9.86077753e-01       8.39557041e-01       8.39557041e-01       9.86077753e-01       1.17436521e+00
      4.70000000e+00       1.18931883e+00       9.80413243e-01       8.30267923e-01       8.30267923e-01       9.80413243e-01       1.18931883e+00
      4.80000000e+00       1.20173625e+00       9.74902693e-01       8.23361058e-01       8.23361058e-01       9.74902693e-01       1.20173625e+00
      4.90000000e+00       1.21107991e+00       9.70532055e-01       8.18388038e-01       8.18388038e-01       9.70532055e-01       1.21107991e+00
      5.00000000e+00       1.21686436e+00       9.69036993e-01       8.14098644e-01       8.14098644e-01       9.69036993e-01       1.21686436e+00
